mu,sigma,mu_0,sigma_0,mu_1,sigma_1,mu_2,sigma_2
[0. 0. 0.],[0.01 0.   0.   0.   0.01 0.   0.   0.   0.01],[-1000. -1000.],[-1000.     0. -1000.     0.],[-1000. -1000.],[-1000.     0. -1000.     0.],[-1000. -1000.],[-1000.     0. -1000.     0.]
[0. 0. 0.],[0.01 0.   0.   0.   0.01 0.   0.   0.   0.01],[-1000. -1000.],[-1000.     0. -1000.     0.],[-1000. -1000.],[-1000.     0. -1000.     0.],[-1000. -1000.],[-1000.     0. -1000.     0.]
[0. 0. 0.],[0.01 0.   0.   0.   0.01 0.   0.   0.   0.01],[-1000. -1000.],[-1000.     0. -1000.     0.],[-1000. -1000.],[-1000.     0. -1000.     0.],[-1000. -1000.],[-1000.     0. -1000.     0.]
[0. 0. 0.],[0.01 0.   0.   0.   0.01 0.   0.   0.   0.01],[-1000. -1000.],[-1000.     0. -1000.     0.],[-1000. -1000.],[-1000.     0. -1000.     0.],[-1000. -1000.],[-1000.     0. -1000.     0.]
[0. 0. 0.],[0.01 0.   0.   0.   0.01 0.   0.   0.   0.01],[-1000. -1000.],[-1000.     0. -1000.     0.],[-1000. -1000.],[-1000.     0. -1000.     0.],[-1000. -1000.],[-1000.     0. -1000.     0.]
[0. 0. 0.],[0.01 0.   0.   0.   0.01 0.   0.   0.   0.01],[-1000. -1000.],[-1000.     0. -1000.     0.],[-1000. -1000.],[-1000.     0. -1000.     0.],[-1000. -1000.],[-1000.     0. -1000.     0.]
[0. 0. 0.],[0.01 0.   0.   0.   0.01 0.   0.   0.   0.01],[-1000. -1000.],[-1000.     0. -1000.     0.],[-1000. -1000.],[-1000.     0. -1000.     0.],[-1000. -1000.],[-1000.     0. -1000.     0.]
[0. 0. 0.],[0.01 0.   0.   0.   0.01 0.   0.   0.   0.01],[-1000. -1000.],[-1000.     0. -1000.     0.],[-1000. -1000.],[-1000.     0. -1000.     0.],[-1000. -1000.],[-1000.     0. -1000.     0.]
[0. 0. 0.],[0.01 0.   0.   0.   0.01 0.   0.   0.   0.01],[-1000. -1000.],[-1000.     0. -1000.     0.],[-1000. -1000.],[-1000.     0. -1000.     0.],[-1000. -1000.],[-1000.     0. -1000.     0.]
[0. 0. 0.],[0.01 0.   0.   0.   0.01 0.   0.   0.   0.01],[-1000. -1000.],[-1000.     0. -1000.     0.],[-1000. -1000.],[-1000.     0. -1000.     0.],[-1000. -1000.],[-1000.     0. -1000.     0.]
[0. 0. 0.],[0.01 0.   0.   0.   0.01 0.   0.   0.   0.01],[-1000. -1000.],[-1000.     0. -1000.     0.],[-1000. -1000.],[-1000.     0. -1000.     0.],[-1000. -1000.],[-1000.     0. -1000.     0.]
[0. 0. 0.],[0.01 0.   0.   0.   0.01 0.   0.   0.   0.01],[-1000. -1000.],[-1000.     0. -1000.     0.],[-1000. -1000.],[-1000.     0. -1000.     0.],[-1000. -1000.],[-1000.     0. -1000.     0.]
[0. 0. 0.],[0.01 0.   0.   0.   0.01 0.   0.   0.   0.01],[-1000. -1000.],[-1000.     0. -1000.     0.],[-1000. -1000.],[-1000.     0. -1000.     0.],[-1000. -1000.],[-1000.     0. -1000.     0.]
[0. 0. 0.],[0.01 0.   0.   0.   0.01 0.   0.   0.   0.01],[-1000. -1000.],[-1000.     0. -1000.     0.],[-1000. -1000.],[-1000.     0. -1000.     0.],[-1000. -1000.],[-1000.     0. -1000.     0.]
[0. 0. 0.],[0.01 0.   0.   0.   0.01 0.   0.   0.   0.01],[-1000. -1000.],[-1000.     0. -1000.     0.],[-1000. -1000.],[-1000.     0. -1000.     0.],[-1000. -1000.],[-1000.     0. -1000.     0.]
[0. 0. 0.],[0.01 0.   0.   0.   0.01 0.   0.   0.   0.01],[-1000. -1000.],[-1000.     0. -1000.     0.],[-1000. -1000.],[-1000.     0. -1000.     0.],[-1000. -1000.],[-1000.     0. -1000.     0.]
[0. 0. 0.],[0.01 0.   0.   0.   0.01 0.   0.   0.   0.01],[-1000. -1000.],[-1000.     0. -1000.     0.],[-1000. -1000.],[-1000.     0. -1000.     0.],[-1000. -1000.],[-1000.     0. -1000.     0.]
[0. 0. 0.],[0.01 0.   0.   0.   0.01 0.   0.   0.   0.01],[-1000. -1000.],[-1000.     0. -1000.     0.],[-1000. -1000.],[-1000.     0. -1000.     0.],[-1000. -1000.],[-1000.     0. -1000.     0.]
[0. 0. 0.],[0.01 0.   0.   0.   0.01 0.   0.   0.   0.01],[-1000. -1000.],[-1000.     0. -1000.     0.],[-1000. -1000.],[-1000.     0. -1000.     0.],[-1000. -1000.],[-1000.     0. -1000.     0.]
[0. 0. 0.],[0.01 0.   0.   0.   0.01 0.   0.   0.   0.01],[-1000. -1000.],[-1000.     0. -1000.     0.],[-1000. -1000.],[-1000.     0. -1000.     0.],[-1000. -1000.],[-1000.     0. -1000.     0.]
[0. 0. 0.],[0.01 0.   0.   0.   0.01 0.   0.   0.   0.01],[-1000. -1000.],[-1000.     0. -1000.     0.],[-1000. -1000.],[-1000.     0. -1000.     0.],[-1000. -1000.],[-1000.     0. -1000.     0.]
[0. 0. 0.],[0.01 0.   0.   0.   0.01 0.   0.   0.   0.01],[-1000. -1000.],[-1000.     0. -1000.     0.],[-1000. -1000.],[-1000.     0. -1000.     0.],[-1000. -1000.],[-1000.     0. -1000.     0.]
[0. 0. 0.],[0.01 0.   0.   0.   0.01 0.   0.   0.   0.01],[-1000. -1000.],[-1000.     0. -1000.     0.],[-1000. -1000.],[-1000.     0. -1000.     0.],[-1000. -1000.],[-1000.     0. -1000.     0.]
[0. 0. 0.],[0.01 0.   0.   0.   0.01 0.   0.   0.   0.01],[-1000. -1000.],[-1000.     0. -1000.     0.],[-1000. -1000.],[-1000.     0. -1000.     0.],[-1000. -1000.],[-1000.     0. -1000.     0.]
[0. 0. 0.],[0.01 0.   0.   0.   0.01 0.   0.   0.   0.01],[-1000. -1000.],[-1000.     0. -1000.     0.],[-1000. -1000.],[-1000.     0. -1000.     0.],[-1000. -1000.],[-1000.     0. -1000.     0.]
[0. 0. 0.],[0.01 0.   0.   0.   0.01 0.   0.   0.   0.01],[-1000. -1000.],[-1000.     0. -1000.     0.],[-1000. -1000.],[-1000.     0. -1000.     0.],[-1000. -1000.],[-1000.     0. -1000.     0.]
[0. 0. 0.],[0.01 0.   0.   0.   0.01 0.   0.   0.   0.01],[-1000. -1000.],[-1000.     0. -1000.     0.],[-1000. -1000.],[-1000.     0. -1000.     0.],[-1000. -1000.],[-1000.     0. -1000.     0.]
[0. 0. 0.],[0.01 0.   0.   0.   0.01 0.   0.   0.   0.01],[-1000. -1000.],[-1000.     0. -1000.     0.],[-1000. -1000.],[-1000.     0. -1000.     0.],[-1000. -1000.],[-1000.     0. -1000.     0.]
[0. 0. 0.],[0.01 0.   0.   0.   0.01 0.   0.   0.   0.01],[-1000. -1000.],[-1000.     0. -1000.     0.],[-1000. -1000.],[-1000.     0. -1000.     0.],[-1000. -1000.],[-1000.     0. -1000.     0.]
[0. 0. 0.],[0.01 0.   0.   0.   0.01 0.   0.   0.   0.01],[-1000. -1000.],[-1000.     0. -1000.     0.],[-1000. -1000.],[-1000.     0. -1000.     0.],[-1000. -1000.],[-1000.     0. -1000.     0.]
[0. 0. 0.],[0.01 0.   0.   0.   0.01 0.   0.   0.   0.01],[-1000. -1000.],[-1000.     0. -1000.     0.],[-1000. -1000.],[-1000.     0. -1000.     0.],[-1000. -1000.],[-1000.     0. -1000.     0.]
[0. 0. 0.],[0.01 0.   0.   0.   0.01 0.   0.   0.   0.01],[-1000. -1000.],[-1000.     0. -1000.     0.],[-1000. -1000.],[-1000.     0. -1000.     0.],[-1000. -1000.],[-1000.     0. -1000.     0.]
[0. 0. 0.],[0.01 0.   0.   0.   0.01 0.   0.   0.   0.01],[-1000. -1000.],[-1000.     0. -1000.     0.],[-1000. -1000.],[-1000.     0. -1000.     0.],[-1000. -1000.],[-1000.     0. -1000.     0.]
[0. 0. 0.],[0.01 0.   0.   0.   0.01 0.   0.   0.   0.01],[-1000. -1000.],[-1000.     0. -1000.     0.],[-1000. -1000.],[-1000.     0. -1000.     0.],[-1000. -1000.],[-1000.     0. -1000.     0.]
[0. 0. 0.],[0.01 0.   0.   0.   0.01 0.   0.   0.   0.01],[-1000. -1000.],[-1000.     0. -1000.     0.],[-1000. -1000.],[-1000.     0. -1000.     0.],[-1000. -1000.],[-1000.     0. -1000.     0.]
[0. 0. 0.],[0.01 0.   0.   0.   0.01 0.   0.   0.   0.01],[-1000. -1000.],[-1000.     0. -1000.     0.],[-1000. -1000.],[-1000.     0. -1000.     0.],[-1000. -1000.],[-1000.     0. -1000.     0.]
[0. 0. 0.],[0.01 0.   0.   0.   0.01 0.   0.   0.   0.01],[-1000. -1000.],[-1000.     0. -1000.     0.],[-1000. -1000.],[-1000.     0. -1000.     0.],[-1000. -1000.],[-1000.     0. -1000.     0.]
[0. 0. 0.],[0.01 0.   0.   0.   0.01 0.   0.   0.   0.01],[-1000. -1000.],[-1000.     0. -1000.     0.],[-1000. -1000.],[-1000.     0. -1000.     0.],[-1000. -1000.],[-1000.     0. -1000.     0.]
[0. 0. 0.],[0.01 0.   0.   0.   0.01 0.   0.   0.   0.01],[-1000. -1000.],[-1000.     0. -1000.     0.],[-1000. -1000.],[-1000.     0. -1000.     0.],[-1000. -1000.],[-1000.     0. -1000.     0.]
[0. 0. 0.],[0.01 0.   0.   0.   0.01 0.   0.   0.   0.01],[-1000. -1000.],[-1000.     0. -1000.     0.],[-1000. -1000.],[-1000.     0. -1000.     0.],[-1000. -1000.],[-1000.     0. -1000.     0.]
[0. 0. 0.],[0.01 0.   0.   0.   0.01 0.   0.   0.   0.01],[-1000. -1000.],[-1000.     0. -1000.     0.],[-1000. -1000.],[-1000.     0. -1000.     0.],[-1000. -1000.],[-1000.     0. -1000.     0.]
[0. 0. 0.],[0.01 0.   0.   0.   0.01 0.   0.   0.   0.01],[-1000. -1000.],[-1000.     0. -1000.     0.],[-1000. -1000.],[-1000.     0. -1000.     0.],[-1000. -1000.],[-1000.     0. -1000.     0.]
[0. 0. 0.],[0.01 0.   0.   0.   0.01 0.   0.   0.   0.01],[-1000. -1000.],[-1000.     0. -1000.     0.],[-1000. -1000.],[-1000.     0. -1000.     0.],[-1000. -1000.],[-1000.     0. -1000.     0.]
[0. 0. 0.],[0.01 0.   0.   0.   0.01 0.   0.   0.   0.01],[-1000. -1000.],[-1000.     0. -1000.     0.],[-1000. -1000.],[-1000.     0. -1000.     0.],[-1000. -1000.],[-1000.     0. -1000.     0.]
[0. 0. 0.],[0.01 0.   0.   0.   0.01 0.   0.   0.   0.01],[-1000. -1000.],[-1000.     0. -1000.     0.],[-1000. -1000.],[-1000.     0. -1000.     0.],[-1000. -1000.],[-1000.     0. -1000.     0.]
[0. 0. 0.],[0.01 0.   0.   0.   0.01 0.   0.   0.   0.01],[-1000. -1000.],[-1000.     0. -1000.     0.],[-1000. -1000.],[-1000.     0. -1000.     0.],[-1000. -1000.],[-1000.     0. -1000.     0.]
[0. 0. 0.],[0.01 0.   0.   0.   0.01 0.   0.   0.   0.01],[-1000. -1000.],[-1000.     0. -1000.     0.],[-1000. -1000.],[-1000.     0. -1000.     0.],[-1000. -1000.],[-1000.     0. -1000.     0.]
[0. 0. 0.],[0.01 0.   0.   0.   0.01 0.   0.   0.   0.01],[-1000. -1000.],[-1000.     0. -1000.     0.],[-1000. -1000.],[-1000.     0. -1000.     0.],[-1000. -1000.],[-1000.     0. -1000.     0.]
[0. 0. 0.],[0.01 0.   0.   0.   0.01 0.   0.   0.   0.01],[-1000. -1000.],[-1000.     0. -1000.     0.],[-1000. -1000.],[-1000.     0. -1000.     0.],[-1000. -1000.],[-1000.     0. -1000.     0.]
[0. 0. 0.],[0.01 0.   0.   0.   0.01 0.   0.   0.   0.01],[-1000. -1000.],[-1000.     0. -1000.     0.],[-1000. -1000.],[-1000.     0. -1000.     0.],[-1000. -1000.],[-1000.     0. -1000.     0.]
[0. 0. 0.],[0.01 0.   0.   0.   0.01 0.   0.   0.   0.01],[-1000. -1000.],[-1000.     0. -1000.     0.],[-1000. -1000.],[-1000.     0. -1000.     0.],[-1000. -1000.],[-1000.     0. -1000.     0.]
[0. 0. 0.],[0.01 0.   0.   0.   0.01 0.   0.   0.   0.01],[-1000. -1000.],[-1000.     0. -1000.     0.],[-1000. -1000.],[-1000.     0. -1000.     0.],[-1000. -1000.],[-1000.     0. -1000.     0.]
[0. 0. 0.],[0.01 0.   0.   0.   0.01 0.   0.   0.   0.01],[-1000. -1000.],[-1000.     0. -1000.     0.],[-1000. -1000.],[-1000.     0. -1000.     0.],[-1000. -1000.],[-1000.     0. -1000.     0.]
[0. 0. 0.],[0.01 0.   0.   0.   0.01 0.   0.   0.   0.01],[-1000. -1000.],[-1000.     0. -1000.     0.],[-1000. -1000.],[-1000.     0. -1000.     0.],[-1000. -1000.],[-1000.     0. -1000.     0.]
[0. 0. 0.],[0.01 0.   0.   0.   0.01 0.   0.   0.   0.01],[-1000. -1000.],[-1000.     0. -1000.     0.],[-1000. -1000.],[-1000.     0. -1000.     0.],[-1000. -1000.],[-1000.     0. -1000.     0.]
[0. 0. 0.],[0.01 0.   0.   0.   0.01 0.   0.   0.   0.01],[-1000. -1000.],[-1000.     0. -1000.     0.],[-1000. -1000.],[-1000.     0. -1000.     0.],[-1000. -1000.],[-1000.     0. -1000.     0.]
[0.00945893 0.00185777 0.13380363],"[ 9.99904248e-03 -1.31327621e-07  1.07807212e-05 -1.31327621e-07
  9.99940812e-03 -3.34861732e-05  1.07807212e-05 -3.34861732e-05
  7.74827908e-03]",[66.34883016  1.0378802 ],[  4.24802906 -13.13276209 -13.13276209  40.81188144],[-1000. -1000.],[-1000.     0. -1000.     0.],[-1000. -1000.],[-1000.     0. -1000.     0.]
[0.02860589 0.00463936 0.33079051],"[ 1.99698530e-02 -1.63473510e-06 -4.01660245e-04 -1.63473510e-06
  1.99978432e-02 -7.67067164e-05 -4.01660245e-04 -7.67067164e-05
  6.04989089e-03]",[63.34934211 10.32516342],[ 0.03198928 -0.06986008 -0.06986008  0.33799138],[-1000. -1000.],[-1000.     0. -1000.     0.],[-1000. -1000.],[-1000.     0. -1000.     0.]
[-2.04506521 -0.4380794   0.42838507],"[ 0.02224119 -0.00166465 -0.00032773 -0.00166465  0.02963772 -0.00017413
 -0.00032773 -0.00017413  0.00622158]",[63.368657   12.57917688],[ 0.03198646 -0.06992417 -0.06992417  0.32886266],[-1000. -1000.],[-1000.     0. -1000.     0.],[-1000. -1000.],[-1000.     0. -1000.     0.]
[-2.84966025 -0.62468223  0.46714369],"[ 0.02299782 -0.00383742 -0.00016209 -0.00383742  0.03912181 -0.00026831
 -0.00016209 -0.00026831  0.00624748]",[63.24400466 13.44719982],[ 0.03176919 -0.0684116  -0.0684116   0.31833215],[-1000. -1000.],[-1000.     0. -1000.     0.],[-1000. -1000.],[-1000.     0. -1000.     0.]
[-3.14691423 -0.6939719   0.47985265],"[ 2.36738534e-02 -6.08405450e-03 -3.88296026e-05 -6.08405450e-03
  4.85723363e-02 -3.80389721e-04 -3.88296026e-05 -3.80389721e-04
  6.25212052e-03]",[63.20855853 13.64876048],[ 0.03164421 -0.06770093 -0.06770093  0.31429102],[-1000. -1000.],[-1000.     0. -1000.     0.],[-1000. -1000.],[-1000.     0. -1000.     0.]
[-8.85759279 -2.01676724  0.53671871],"[ 2.42854380e-02 -8.26133648e-03  3.67000293e-05 -8.26133648e-03
  5.80563116e-02 -5.08557344e-04  3.67000293e-05 -5.08557344e-04
  6.25420162e-03]",[62.88029797 15.41798358],[ 0.03161328 -0.06753425 -0.06753425  0.31339265],[-1000. -1000.],[-1000.     0. -1000.     0.],[-1000. -1000.],[-1000.     0. -1000.     0.]
[-10.98018925  -2.67391959   0.56563663],"[ 0.02513171 -0.01110195  0.00015406 -0.01110195  0.06716181 -0.00058328
  0.00015406 -0.00058328  0.00624786]",[62.59402286 16.73398304],[ 0.03144785 -0.06677381 -0.06677381  0.30989714],[-1000. -1000.],[-1000.     0. -1000.     0.],[-1000. -1000.],[-1000.     0. -1000.     0.]
[-11.756975    -2.94405487   0.57488322],"[ 0.02632404 -0.01418469  0.00026585 -0.01418469  0.07606715 -0.00065847
  0.00026585 -0.00065847  0.00624367]",[62.48571635 17.22119189],[ 0.03128012 -0.06601928 -0.06601928  0.30650298],[-1000. -1000.],[-1000.     0. -1000.     0.],[-1000. -1000.],[-1000.     0. -1000.     0.]
[-12.05065524  -3.03912386   0.57684192],"[ 0.027483   -0.01711339  0.00034558 -0.01711339  0.08507895 -0.00075393
  0.00034558 -0.00075393  0.00624236]",[62.46029425 17.33497302],[ 0.03121741 -0.06573864 -0.06573864  0.30524693],[-1000. -1000.],[-1000.     0. -1000.     0.],[-1000. -1000.],[-1000.     0. -1000.     0.]
[-9.56701172 -2.2819306   0.56442562],"[ 0.0284398  -0.01985188  0.00040052 -0.01985188  0.09422947 -0.00086436
  0.00040052 -0.00086436  0.00624267]",[62.55732157 16.90140246],[ 0.03120352 -0.06567655 -0.06567655  0.30496947],[-1000. -1000.],[-1000.     0. -1000.     0.],[-1000. -1000.],[-1000.     0. -1000.     0.]
[-8.59485364 -2.04244208  0.56406311],"[ 0.02894077 -0.02215182  0.00043147 -0.02215182  0.10364974 -0.0010129
  0.00043147 -0.0010129   0.00624668]",[62.5433939  16.96279605],[ 0.03120152 -0.06566772 -0.06566772  0.30493058],[-1000. -1000.],[-1000.     0. -1000.     0.],[-1000. -1000.],[-1000.     0. -1000.     0.]
[-8.22685671 -1.94211229  0.5638426 ],"[ 0.02958935 -0.02461648  0.00047199 -0.02461648  0.11297377 -0.00115887
  0.00047199 -0.00115887  0.00625051]",[62.54312303 16.96393746],[ 0.03120149 -0.06566763 -0.06566763  0.30493016],[-1000. -1000.],[-1000.     0. -1000.     0.],[-1000. -1000.],[-1000.     0. -1000.     0.]
[-14.51212733  -3.61330291   0.58134778],"[ 0.03024643 -0.02709277  0.00051067 -0.02709277  0.12228816 -0.00129973
  0.00051067 -0.00129973  0.0062536 ]",[62.54406419 16.96016715],[ 0.03120149 -0.0656676  -0.0656676   0.30493004],[-1000. -1000.],[-1000.     0. -1000.     0.],[-1000. -1000.],[-1000.     0. -1000.     0.]
[-16.91380806  -4.24889658   0.58597224],"[ 0.03090004 -0.02956567  0.00051715 -0.02956567  0.13160486 -0.00135659
  0.00051715 -0.00135659  0.00624839]",[62.5452631 16.9549054],[ 0.0312013  -0.06566679 -0.06566679  0.30492642],[-1000. -1000.],[-1000.     0. -1000.     0.],[-1000. -1000.],[-1000.     0. -1000.     0.]
[-17.83173318  -4.48964003   0.58690369],"[ 0.0315521  -0.03203631  0.00052851 -0.03203631  0.14092148 -0.00142399
  0.00052851 -0.00142399  0.00624492]",[62.54581991 16.95244277],[ 0.0312012  -0.06566632 -0.06566632  0.30492437],[-1000. -1000.],[-1000.     0. -1000.     0.],[-1000. -1000.],[-1000.     0. -1000.     0.]
[-21.25093993  -5.39567909   0.60585002],"[ 0.03220567 -0.0345081   0.00054777 -0.0345081   0.1502354  -0.00151057
  0.00054777 -0.00151057  0.00624363]",[62.54712117 16.94667952],[ 0.03120117 -0.06566617 -0.06566617  0.30492371],[-1000. -1000.],[-1000.     0. -1000.     0.],[-1000. -1000.],[-1000.     0. -1000.     0.]
[-22.55772745  -5.73909742   0.61188939],"[ 0.03285583 -0.03697498  0.0005584  -0.03697498  0.15955135 -0.00157207
  0.0005584  -0.00157207  0.00624084]",[62.54785896 16.9434067 ],[ 0.03120109 -0.06566584 -0.06566584  0.30492223],[-1000. -1000.],[-1000.     0. -1000.     0.],[-1000. -1000.],[-1000.     0. -1000.     0.]
[-23.05739055  -5.86832279   0.61370547],"[ 0.03350658 -0.03944191  0.00057465 -0.03944191  0.16886566 -0.00164748
  0.00057465 -0.00164748  0.00623946]",[62.5480942  16.94236288],[ 0.03120106 -0.0656657  -0.0656657   0.30492158],[-1000. -1000.],[-1000.     0. -1000.     0.],[-1000. -1000.],[-1000.     0. -1000.     0.]
[-23.24874937  -5.91576905   0.61419302],"[ 0.03415941 -0.04191086  0.00059638 -0.04191086  0.17817675 -0.0017371
  0.00059638 -0.0017371   0.00623931]",[62.54814941 16.94211785],[ 0.03120105 -0.06566565 -0.06566565  0.3049214 ],[-1000. -1000.],[-1000.     0. -1000.     0.],[-1000. -1000.],[-1000.     0. -1000.     0.]
[-23.32236115  -5.93193778   0.61428518],"[ 0.03481354 -0.04438095  0.00062148 -0.04438095  0.18748497 -0.00183567
  0.00062148 -0.00183567  0.00623986]",[62.54816201 16.94206194],[ 0.03120105 -0.06566564 -0.06566564  0.30492135],[-1000. -1000.],[-1000.     0. -1000.     0.],[-1000. -1000.],[-1000.     0. -1000.     0.]
[-33.21506735  -8.56215231   0.64040953],"[ 0.03546807 -0.04685103  0.00064838 -0.04685103  0.19679096 -0.00193908
  0.00064838 -0.00193908  0.00624079]",[62.54848086 16.94064703],[ 0.03120105 -0.06566564 -0.06566564  0.30492134],[-1000. -1000.],[-1000.     0. -1000.     0.],[-1000. -1000.],[-1000.     0. -1000.     0.]
[-36.99466472  -9.56360227   0.64673954],"[ 0.03612081 -0.04931864  0.00063095 -0.04931864  0.20609951 -0.00190871
  0.00063095 -0.00190871  0.00623422]",[62.54889357 16.9388153 ],[ 0.03120081 -0.0656646  -0.0656646   0.30491673],[-1000. -1000.],[-1000.     0. -1000.     0.],[-1000. -1000.],[-1000.     0. -1000.     0.]
[-43.84245029 -11.37940346   0.66611679],"[ 0.03677241 -0.05178454  0.0006246  -0.05178454  0.21540952 -0.00190972
  0.0006246  -0.00190972  0.00623003]",[62.54990297 16.93433513],[ 0.03120069 -0.06566408 -0.06566408  0.30491443],[-1000. -1000.],[-1000.     0. -1000.     0.],[-1000. -1000.],[-1000.     0. -1000.     0.]
[-156.48923729  -41.22645014    0.78584741],"[ 0.03741989 -0.0542445   0.00061092 -0.0542445   0.22472355 -0.00188701
  0.00061092 -0.00188701  0.00622527]",[62.58803471 16.76508972],[ 0.03120054 -0.06566342 -0.06566342  0.30491147],[-1000. -1000.],[-1000.     0. -1000.     0.],[-1000. -1000.],[-1000.     0. -1000.     0.]
[-199.75413691  -51.87881433    0.78083813],"[ 0.03796084 -0.05654652  0.0004137  -0.05654652  0.2340944  -0.00130055
  0.0004137  -0.00130055  0.00620075]",[62.8251366 15.7127263],[ 0.03119604 -0.06564344 -0.06564344  0.30482279],[-1000. -1000.],[-1000.     0. -1000.     0.],[-1000. -1000.],[-1000.     0. -1000.     0.]
[-216.71986941  -54.47538569    0.74519541],"[ 0.03798252 -0.05806351  0.00030375 -0.05806351  0.24383491 -0.00100248
  0.00030375 -0.00100248  0.00619172]",[63.33110211 13.46702664],[ 0.03118603 -0.06559899 -0.06559899  0.30462552],[-1000. -1000.],[-1000.     0. -1000.     0.],[-1000. -1000.],[-1000.     0. -1000.     0.]
[-115.43903612  -53.79659756    0.82902588],"[ 3.71829083e-02 -5.81263217e-02  2.41266689e-04 -5.81263217e-02
  2.53819419e-01 -8.78496627e-04  2.41266689e-04 -8.78496627e-04
  6.18844573e-03]",[56.71727582 42.82212485],[ 0.03113973 -0.06539349 -0.06539349  0.30371342],[-1000. -1000.],[-1000.     0. -1000.     0.],[-1000. -1000.],[-1000.     0. -1000.     0.]
[-118.67536777   19.60259404    0.21594551],"[ 0.04703092 -0.05477175  0.00026462 -0.05477175  0.18810328 -0.00035937
  0.00026462 -0.00035937  0.00618465]",[ 74.98209784 -38.24526644],[ 0.0264511  -0.04458326 -0.04458326  0.21134836],[-1000. -1000.],[-1000.     0. -1000.     0.],[-1000. -1000.],[-1000.     0. -1000.     0.]
[-84.70442012 -16.88049398   0.51494133],"[ 3.10002865e-02 -2.68050244e-02 -3.75425586e-05 -2.68050244e-02
  1.68054929e-01 -7.55521250e-05 -3.75425586e-05 -7.55521250e-05
  6.18129063e-03]",[64.67871699  7.48571336],[ 0.02405522 -0.03394929 -0.03394929  0.16415009],[-1000. -1000.],[-1000.     0. -1000.     0.],[-1000. -1000.],[-1000.     0. -1000.     0.]
[-71.41518598 -10.95769959   0.52348195],"[ 2.98670699e-02 -3.17656563e-02 -6.64047648e-06 -3.17656563e-02
  1.75842141e-01 -1.33312271e-04 -6.64047648e-06 -1.33312271e-04
  6.18170679e-03]",[65.22403232  5.06536178],[ 0.02403645 -0.03386597 -0.03386597  0.1637803 ],[-1000. -1000.],[-1000.     0. -1000.     0.],[-1000. -1000.],[-1000.     0. -1000.     0.]
[-66.7632379  -10.23992785   0.5374224 ],"[ 2.99111476e-02 -3.32929108e-02  4.36057980e-06 -3.32929108e-02
  1.85603796e-01 -2.18825031e-04  4.36057980e-06 -2.18825031e-04
  6.18250102e-03]",[65.23834994  5.00181379],[ 0.02403635 -0.03386555 -0.03386555  0.16377842],[-1000. -1000.],[-1000.     0. -1000.     0.],[-1000. -1000.],[-1000.     0. -1000.     0.]
[-65.00055713 -10.01497658   0.54490634],"[ 3.00379661e-02 -3.45290081e-02  1.40357813e-05 -3.45290081e-02
  1.95443437e-01 -3.04741082e-04  1.40357813e-05 -3.04741082e-04
  6.18330588e-03]",[65.23954356  4.996516  ],[ 0.02403635 -0.03386553 -0.03386553  0.16377832],[-1000. -1000.],[-1000.     0. -1000.     0.],[-1000. -1000.],[-1000.     0. -1000.     0.]
[-64.32814647  -9.93121018   0.54853458],"[ 3.01711850e-02 -3.56962978e-02  2.33149407e-05 -3.56962978e-02
  2.05298261e-01 -3.87762031e-04  2.33149407e-05 -3.87762031e-04
  6.18404554e-03]",[65.23968268  4.99589851],[ 0.02403635 -0.03386553 -0.03386553  0.16377831],[-1000. -1000.],[-1000.     0. -1000.     0.],[-1000. -1000.],[-1000.     0. -1000.     0.]
[-64.0716091   -9.89725583   0.55020134],"[ 3.03032732e-02 -3.68418882e-02  3.23770537e-05 -3.68418882e-02
  2.15156744e-01 -4.68075452e-04  3.23770537e-05 -4.68075452e-04
  6.18472356e-03]",[65.23970071  4.99581848],[ 0.02403635 -0.03386553 -0.03386553  0.16377831],[-1000. -1000.],[-1000.     0. -1000.     0.],[-1000. -1000.],[-1000.     0. -1000.     0.]
[-63.973909    -9.88184684   0.55093355],"[ 3.04343398e-02 -3.79794539e-02  4.13052054e-05 -3.79794539e-02
  2.25015673e-01 -5.46570884e-04  4.13052054e-05 -5.46570884e-04
  6.18536087e-03]",[65.23970297  4.99580844],[ 0.02403635 -0.03386553 -0.03386553  0.16377831],[-1000. -1000.],[-1000.     0. -1000.     0.],[-1000. -1000.],[-1000.     0. -1000.     0.]
[-63.9368807   -9.87345667   0.5512378 ],"[ 3.05648477e-02 -3.91135948e-02  5.01528367e-05 -3.91135948e-02
  2.34873981e-01 -6.24006323e-04  5.01528367e-05 -6.24006323e-04
  6.18597506e-03]",[65.23970318  4.99580752],[ 0.02403635 -0.03386553 -0.03386553  0.16377831],[-1000. -1000.],[-1000.     0. -1000.     0.],[-1000. -1000.],[-1000.     0. -1000.     0.]
[-63.92302697  -9.86773778   0.55135139],"[ 3.06950334e-02 -4.02459704e-02  5.89534932e-05 -4.02459704e-02
  2.44731285e-01 -7.00870068e-04  5.89534932e-05 -7.00870068e-04
  6.18657714e-03]",[65.23970316  4.99580761],[ 0.02403635 -0.03386553 -0.03386553  0.16377831],[-1000. -1000.],[-1000.     0. -1000.     0.],[-1000. -1000.],[-1000.     0. -1000.     0.]
[-63.91802493  -9.86303759   0.55138173],"[ 3.08249952e-02 -4.13771986e-02  6.77266991e-05 -4.13771986e-02
  2.54587444e-01 -7.77439067e-04  6.77266991e-05 -7.77439067e-04
  6.18717319e-03]",[65.23970314  4.99580772],[ 0.02403635 -0.03386553 -0.03386553  0.16377831],[-1000. -1000.],[-1000.     0. -1000.     0.],[-1000. -1000.],[-1000.     0. -1000.     0.]
[-63.91640378  -9.85872618   0.5513763 ],"[ 3.09547720e-02 -4.25075128e-02  7.64831023e-05 -4.25075128e-02
  2.64442405e-01 -8.53859111e-04  7.64831023e-05 -8.53859111e-04
  6.18776631e-03]",[65.23970312  4.99580778],[ 0.02403635 -0.03386553 -0.03386553  0.16377831],[-1000. -1000.],[-1000.     0. -1000.     0.],[-1000. -1000.],[-1000.     0. -1000.     0.]
[-63.9160739   -9.85456318   0.55135568],"[ 3.10843788e-02 -4.36370018e-02  8.52282256e-05 -4.36370018e-02
  2.74296148e-01 -9.30203241e-04  8.52282256e-05 -9.30203241e-04
  6.18835802e-03]",[65.23970312  4.99580781],[ 0.02403635 -0.03386553 -0.03386553  0.16377831],[-1000. -1000.],[-1000.     0. -1000.     0.],[-1000. -1000.],[-1000.     0. -1000.     0.]
[-63.91623714  -9.85045682   0.55132868],"[ 3.12138213e-02 -4.47656993e-02  9.39648246e-05 -4.47656993e-02
  2.84148665e-01 -1.00650677e-03  9.39648246e-05 -1.00650677e-03
  6.18894905e-03]",[65.23970311  4.99580783],[ 0.02403635 -0.03386553 -0.03386553  0.16377831],[-1000. -1000.],[-1000.     0. -1000.     0.],[-1000. -1000.],[-1000.     0. -1000.     0.]
[-63.91658864  -9.84637209   0.55129903],"[ 3.13431019e-02 -4.58936183e-02  1.02694234e-04 -4.58936183e-02
  2.93999953e-01 -1.08278634e-03  1.02694234e-04 -1.08278634e-03
  6.18953973e-03]",[65.23970311  4.99580784],[ 0.02403635 -0.03386553 -0.03386553  0.16377831],[-1000. -1000.],[-1000.     0. -1000.     0.],[-1000. -1000.],[-1000.     0. -1000.     0.]
[-63.91701198  -9.84229561   0.55126827],"[ 3.14722215e-02 -4.70207638e-02  1.11417083e-04 -4.70207638e-02
  3.03850011e-01 -1.15904959e-03  1.11417083e-04 -1.15904959e-03
  6.19013020e-03]",[65.23970311  4.99580785],[ 0.02403635 -0.03386553 -0.03386553  0.16377831],[-1000. -1000.],[-1000.     0. -1000.     0.],[-1000. -1000.],[-1000.     0. -1000.     0.]
[-63.91746267  -9.83822227   0.55123706],"[ 3.16011805e-02 -4.81471377e-02  1.20133666e-04 -4.81471377e-02
  3.13698839e-01 -1.23530000e-03  1.20133666e-04 -1.23530000e-03
  6.19072054e-03]",[65.23970311  4.99580786],[ 0.02403635 -0.03386553 -0.03386553  0.16377831],[-1000. -1000.],[-1000.     0. -1000.     0.],[-1000. -1000.],[-1000.     0. -1000.     0.]
[-63.91792373  -9.83415012   0.55120566],"[ 3.17299790e-02 -4.92727411e-02  1.28844117e-04 -4.92727411e-02
  3.23546437e-01 -1.31153912e-03  1.28844117e-04 -1.31153912e-03
  6.19131078e-03]",[65.2397031   4.99580786],[ 0.02403635 -0.03386553 -0.03386553  0.16377831],[-1000. -1000.],[-1000.     0. -1000.     0.],[-1000. -1000.],[-1000.     0. -1000.     0.]
[-63.91838867  -9.83007843   0.55117419],"[ 3.18586172e-02 -5.03975741e-02  1.37548495e-04 -5.03975741e-02
  3.33392806e-01 -1.38776765e-03  1.37548495e-04 -1.38776765e-03
  6.19190092e-03]",[65.2397031   4.99580787],[ 0.02403635 -0.03386553 -0.03386553  0.16377831],[-1000. -1000.],[-1000.     0. -1000.     0.],[-1000. -1000.],[-1000.     0. -1000.     0.]
[-63.91885501  -9.82600689   0.55114269],"[ 3.19870953e-02 -5.15216371e-02  1.46246828e-04 -5.15216371e-02
  3.43237944e-01 -1.46398588e-03  1.46246828e-04 -1.46398588e-03
  6.19249097e-03]",[65.2397031   4.99580788],[ 0.02403635 -0.03386553 -0.03386553  0.16377831],[-1000. -1000.],[-1000.     0. -1000.     0.],[-1000. -1000.],[-1000.     0. -1000.     0.]
[-63.91932181  -9.82193542   0.55111117],"[ 3.21154133e-02 -5.26449303e-02  1.54939130e-04 -5.26449303e-02
  3.53081852e-01 -1.54019393e-03  1.54939130e-04 -1.54019393e-03
  6.19308095e-03]",[65.2397031   4.99580789],[ 0.02403635 -0.03386553 -0.03386553  0.16377831],[-1000. -1000.],[-1000.     0. -1000.     0.],[-1000. -1000.],[-1000.     0. -1000.     0.]
[-63.9197887   -9.81786396   0.55107966],"[ 3.22435714e-02 -5.37674538e-02  1.63625405e-04 -5.37674538e-02
  3.62924531e-01 -1.61639188e-03  1.63625405e-04 -1.61639188e-03
  6.19367083e-03]",[65.2397031  4.9958079],[ 0.02403635 -0.03386553 -0.03386553  0.16377831],[-1000. -1000.],[-1000.     0. -1000.     0.],[-1000. -1000.],[-1000.     0. -1000.     0.]
[-63.92025555  -9.81379249   0.55104813],"[ 3.23715695e-02 -5.48892077e-02  1.72305659e-04 -5.48892077e-02
  3.72765980e-01 -1.69257973e-03  1.72305659e-04 -1.69257973e-03
  6.19426064e-03]",[65.23970309  4.9958079 ],[ 0.02403635 -0.03386553 -0.03386553  0.16377831],[-1000. -1000.],[-1000.     0. -1000.     0.],[-1000. -1000.],[-1000.     0. -1000.     0.]
[-63.92072231  -9.80972102   0.55101661],"[ 3.24994078e-02 -5.60101922e-02  1.80979892e-04 -5.60101922e-02
  3.82606199e-01 -1.76875751e-03  1.80979892e-04 -1.76875751e-03
  6.19485036e-03]",[65.23970309  4.99580791],[ 0.02403635 -0.03386553 -0.03386553  0.16377831],[-1000. -1000.],[-1000.     0. -1000.     0.],[-1000. -1000.],[-1000.     0. -1000.     0.]
[-63.92118894  -9.80564954   0.55098509],"[ 3.26270864e-02 -5.71304074e-02  1.89648107e-04 -5.71304074e-02
  3.92445189e-01 -1.84492522e-03  1.89648107e-04 -1.84492522e-03
  6.19544000e-03]",[65.23970309  4.99580792],[ 0.02403635 -0.03386553 -0.03386553  0.16377831],[-1000. -1000.],[-1000.     0. -1000.     0.],[-1000. -1000.],[-1000.     0. -1000.     0.]
[-63.92165546  -9.80157805   0.55095357],"[ 3.27546054e-02 -5.82498535e-02  1.98310305e-04 -5.82498535e-02
  4.02282950e-01 -1.92108286e-03  1.98310305e-04 -1.92108286e-03
  6.19602956e-03]",[65.23970309  4.99580793],[ 0.02403635 -0.03386553 -0.03386553  0.16377831],[-1000. -1000.],[-1000.     0. -1000.     0.],[-1000. -1000.],[-1000.     0. -1000.     0.]
[-63.92212184  -9.79750655   0.55092205],"[ 3.28819649e-02 -5.93685305e-02  2.06966486e-04 -5.93685305e-02
  4.12119481e-01 -1.99723044e-03  2.06966486e-04 -1.99723044e-03
  6.19661904e-03]",[65.23970309  4.99580794],[ 0.02403635 -0.03386553 -0.03386553  0.16377831],[-1000. -1000.],[-1000.     0. -1000.     0.],[-1000. -1000.],[-1000.     0. -1000.     0.]
[-63.9225881   -9.79343504   0.55089052],"[ 3.30091649e-02 -6.04864387e-02  2.15616652e-04 -6.04864387e-02
  4.21954784e-01 -2.07336795e-03  2.15616652e-04 -2.07336795e-03
  6.19720843e-03]",[65.23970309  4.99580794],[ 0.02403635 -0.03386553 -0.03386553  0.16377831],[-1000. -1000.],[-1000.     0. -1000.     0.],[-1000. -1000.],[-1000.     0. -1000.     0.]
[-63.92305423  -9.78936352   0.550859  ],"[ 3.31362056e-02 -6.16035782e-02  2.24260805e-04 -6.16035782e-02
  4.31788857e-01 -2.14949539e-03  2.24260805e-04 -2.14949539e-03
  6.19779775e-03]",[65.23970308  4.99580795],[ 0.02403635 -0.03386553 -0.03386553  0.16377831],[-1000. -1000.],[-1000.     0. -1000.     0.],[-1000. -1000.],[-1000.     0. -1000.     0.]
[-63.92352023  -9.78529199   0.55082748],"[ 3.32630870e-02 -6.27199490e-02  2.32898945e-04 -6.27199490e-02
  4.41621701e-01 -2.22561278e-03  2.32898945e-04 -2.22561278e-03
  6.19838698e-03]",[65.23970308  4.99580796],[ 0.02403635 -0.03386553 -0.03386553  0.16377831],[-1000. -1000.],[-1000.     0. -1000.     0.],[-1000. -1000.],[-1000.     0. -1000.     0.]
[-63.92398611  -9.78122045   0.55079596],"[ 3.33898093e-02 -6.38355515e-02  2.41531073e-04 -6.38355515e-02
  4.51453317e-01 -2.30172010e-03  2.41531073e-04 -2.30172010e-03
  6.19897613e-03]",[65.23970308  4.99580797],[ 0.02403635 -0.03386553 -0.03386553  0.16377831],[-1000. -1000.],[-1000.     0. -1000.     0.],[-1000. -1000.],[-1000.     0. -1000.     0.]
[-63.92445185  -9.77714889   0.55076443],"[ 3.35163725e-02 -6.49503856e-02  2.50157191e-04 -6.49503856e-02
  4.61283703e-01 -2.37781736e-03  2.50157191e-04 -2.37781736e-03
  6.19956519e-03]",[65.23970308  4.99580798],[ 0.02403635 -0.03386553 -0.03386553  0.16377831],[-1000. -1000.],[-1000.     0. -1000.     0.],[-1000. -1000.],[-1000.     0. -1000.     0.]
[-63.92491746  -9.77307733   0.55073291],"[ 3.36427766e-02 -6.60644515e-02  2.58777301e-04 -6.60644515e-02
  4.71112862e-01 -2.45390457e-03  2.58777301e-04 -2.45390457e-03
  6.20015418e-03]",[65.23970308  4.99580798],[ 0.02403635 -0.03386553 -0.03386553  0.16377831],[-1000. -1000.],[-1000.     0. -1000.     0.],[-1000. -1000.],[-1000.     0. -1000.     0.]
[-63.92538295  -9.76900575   0.55070139],"[ 3.37690219e-02 -6.71777493e-02  2.67391402e-04 -6.71777493e-02
  4.80940791e-01 -2.52998171e-03  2.67391402e-04 -2.52998171e-03
  6.20074308e-03]",[65.23970307  4.99580799],[ 0.02403635 -0.03386553 -0.03386553  0.16377831],[-1000. -1000.],[-1000.     0. -1000.     0.],[-1000. -1000.],[-1000.     0. -1000.     0.]
[-63.92584831  -9.76493417   0.55066987],"[ 3.38951084e-02 -6.82902793e-02  2.75999496e-04 -6.82902793e-02
  4.90767493e-01 -2.60604880e-03  2.75999496e-04 -2.60604880e-03
  6.20133190e-03]",[65.23970307  4.995808  ],[ 0.02403635 -0.03386553 -0.03386553  0.16377831],[-1000. -1000.],[-1000.     0. -1000.     0.],[-1000. -1000.],[-1000.     0. -1000.     0.]
[-63.92631354  -9.76086257   0.55063834],"[ 3.40210362e-02 -6.94020415e-02  2.84601584e-04 -6.94020415e-02
  5.00592966e-01 -2.68210584e-03  2.84601584e-04 -2.68210584e-03
  6.20192064e-03]",[65.23970307  4.99580801],[ 0.02403635 -0.03386553 -0.03386553  0.16377831],[-1000. -1000.],[-1000.     0. -1000.     0.],[-1000. -1000.],[-1000.     0. -1000.     0.]
[-63.92677864  -9.75679096   0.55060682],"[ 3.41468053e-02 -7.05130361e-02  2.93197668e-04 -7.05130361e-02
  5.10417210e-01 -2.75815282e-03  2.93197668e-04 -2.75815282e-03
  6.20250929e-03]",[65.23970307  4.99580802],[ 0.02403635 -0.03386553 -0.03386553  0.16377831],[-1000. -1000.],[-1000.     0. -1000.     0.],[-1000. -1000.],[-1000.     0. -1000.     0.]
[-63.92427774  -9.80550279   0.73891111],"[ 3.42181125e-02 -7.12154332e-02  2.15607701e-04 -7.12154332e-02
  5.17117413e-01 -1.82630112e-03  2.15607701e-04 -1.82630112e-03
  3.89559328e-03]",[65.23970307  4.99580802],[ 0.02403635 -0.03386553 -0.03386553  0.16377831],[-59.26602717 445.90889063],[97.17767222  0.44381742  0.44381742  0.52963261],[-1000. -1000.],[-1000.     0. -1000.     0.]
[-63.91932114  -9.84857816   0.78036888],"[ 3.43661856e-02 -7.23978939e-02  2.07070703e-04 -7.23978939e-02
  5.25434764e-01 -1.90308519e-03  2.07070703e-04 -1.90308519e-03
  3.73515619e-03]",[65.23519158  5.01125823],[ 0.02402724 -0.03382215 -0.03382215  0.1635693 ],[-57.57826768 445.82182912],[52.51760156 -0.05641722 -0.05641722  0.52310505],[-1000. -1000.],[-1000.     0. -1000.     0.]
[-63.91607059  -9.88326106   0.78957939],"[ 3.45079573e-02 -7.34012131e-02  2.26348954e-04 -7.34012131e-02
  5.31705211e-01 -2.06138720e-03  2.26348954e-04 -2.06138720e-03
  3.72319012e-03]",[65.23387966  5.01597757],[ 0.02402479 -0.03381878 -0.03381878  0.163564  ],[-55.48553035 445.74590632],[45.19964339 -0.09507246 -0.09507246  0.52223548],[-1000. -1000.],[-1000.     0. -1000.     0.]
[-63.91357087  -9.91293149   0.79059713],"[ 3.46331556e-02 -7.42853002e-02  2.47043352e-04 -7.42853002e-02
  5.37324751e-01 -2.22793666e-03  2.47043352e-04 -2.22793666e-03
  3.71962944e-03]",[65.23252035  5.02052645],[ 0.02402428 -0.03381784 -0.03381784  0.16356178],[-53.55595752 445.6724304 ],[40.52917807 -0.09647862 -0.09647862  0.52173552],[-1000. -1000.],[-1000.     0. -1000.     0.]
[-63.91155943  -9.93838264   0.78955439],"[ 3.47468190e-02 -7.51068546e-02  2.65834210e-04 -7.51068546e-02
  5.42825962e-01 -2.37690861e-03  2.65834210e-04 -2.37690861e-03
  3.71721350e-03]",[65.23122931  5.02489823],[ 0.02402392 -0.03381711 -0.03381711  0.16355987],[-51.77869973 445.60046527],[37.25947156 -0.08898332 -0.08898332  0.52128505],[-1000. -1000.],[-1000.     0. -1000.     0.]
[-63.90991372  -9.96028247   0.78805268],"[ 3.48536331e-02 -7.58987859e-02  2.82460374e-04 -7.58987859e-02
  5.48373605e-01 -2.50795458e-03  2.82460374e-04 -2.50795458e-03
  3.71544355e-03]",[65.22998836  5.02915236],[ 0.02402365 -0.0338165  -0.0338165   0.16355814],[-50.12947873 445.52975042],[34.8393465  -0.0798083  -0.0798083   0.52084709],[-1000. -1000.],[-1000.     0. -1000.     0.]
[-63.90856276  -9.9791788    0.78650172],"[ 3.49563892e-02 -7.66758414e-02  2.97280259e-04 -7.66758414e-02
  5.53992632e-01 -2.62475733e-03  2.97280259e-04 -2.62475733e-03
  3.71414002e-03]",[65.22878797  5.03331307],[ 0.02402342 -0.03381595 -0.03381595  0.16355651],[-48.58727949 445.46014535],[32.96869972 -0.0708282  -0.0708282   0.52041674],[-1000. -1000.],[-1000.     0. -1000.     0.]
[-66.05914811  32.67734672   1.53801986],"[ 3.50565012e-02 -7.74437607e-02  3.10677594e-04 -7.74437607e-02
  5.59668235e-01 -2.73062353e-03  3.10677594e-04 -2.73062353e-03
  3.71316716e-03]",[65.22762208  5.03739351],[ 0.02402323 -0.03381546 -0.03381546  0.16355495],[-799.30033868  444.75889578],[31.47198884 -0.06245084 -0.06245084  0.51999264],[-1000. -1000.],[-1000.     0. -1000.     0.]
[-63.94612969  31.82163426   1.02266144],"[ 3.17974771e-02 -1.90529427e-02 -6.64386348e-05 -1.90529427e-02
  3.05773433e-01 -5.75446399e-04 -6.64386348e-05 -5.75446399e-04
  3.66261984e-03]",[65.29102855  5.31632755],[ 0.02399484 -0.03368497 -0.03368497  0.16295433],[-242.55186549  426.39940757],[ 0.04755623 -0.01731914 -0.01731914  0.30239259],[-1000. -1000.],[-1000.     0. -1000.     0.]
[-63.47488934  66.13473244   0.86887978],"[ 3.44888913e-02 -9.41476766e-03 -9.90303785e-05 -9.41476766e-03
  2.98395480e-01 -5.35938749e-04 -9.90303785e-05 -5.35938749e-04
  3.66241312e-03]",[65.02619849  6.07539142],[ 0.02398754 -0.03366219 -0.03366219  0.16288007],[-237.05417791  401.36597027],[ 0.04665764 -0.01407772 -0.01407772  0.29051378],[-1000. -1000.],[-1000.     0. -1000.     0.]
[-65.37552005  54.1803471    0.88589971],"[ 4.24129621e-02 -8.66174517e-06 -1.27287972e-04 -8.66174517e-06
  2.57303750e-01 -3.45144626e-04 -1.27287972e-04 -3.45144626e-04
  3.66157808e-03]",[64.59311871  7.99884661],[ 0.02398154 -0.0336355  -0.0336355   0.16276128],[-235.56528523  372.08163731],[ 0.04653052 -0.01479057 -0.01479057  0.24585896],[-1000. -1000.],[-1000.     0. -1000.     0.]
[-62.19372095  58.15739082   0.87341017],"[ 4.36728062e-02  3.37993867e-03 -1.33313733e-04  3.37993867e-03
  2.64141718e-01 -3.56756537e-04 -1.33313733e-04 -3.56756537e-04
  3.66157846e-03]",[64.3619937   9.02564417],[ 0.02398049 -0.03363086 -0.03363086  0.16274066],[-234.32315326  366.01545097],[ 0.04643168 -0.01433938 -0.01433938  0.24367629],[-1000. -1000.],[-1000.     0. -1000.     0.]
[-59.69800942  59.97738421   0.86524509],"[ 4.65670493e-02  8.05482466e-03 -1.49796925e-04  8.05482466e-03
  2.68376549e-01 -3.71380085e-04 -1.49796925e-04 -3.71380085e-04
  3.66163551e-03]",[64.28455778  9.36945773],[ 0.02398006 -0.03362895 -0.03362895  0.16273218],[-233.8917884   362.64406405],[ 0.04639495 -0.01411804 -0.01411804  0.241552  ],[-1000. -1000.],[-1000.     0. -1000.     0.]
[-57.8665036   61.18272269   0.86013815],"[ 4.94464714e-02  1.23806958e-02 -1.66153448e-04  1.23806958e-02
  2.72239568e-01 -3.87040422e-04 -1.66153448e-04 -3.87040422e-04
  3.66170188e-03]",[64.2487874   9.52832521],[ 0.02397978 -0.0336277  -0.0336277   0.16272664],[-233.72976983  360.80949083],[ 0.04637793 -0.01400953 -0.01400953  0.23999216],[-1000. -1000.],[-1000.     0. -1000.     0.]
[-56.57616835  62.07171953   0.85679214],"[ 5.20733092e-02  1.62146122e-02 -1.80917683e-04  1.62146122e-02
  2.75897700e-01 -4.02140311e-04 -1.80917683e-04 -4.02140311e-04
  3.66176543e-03]",[64.23008789  9.61141184],[ 0.02397959 -0.03362684 -0.03362684  0.1627228 ],[-233.66722347  359.79595234],[ 0.04637021 -0.01395434 -0.01395434  0.23890182],[-1000. -1000.],[-1000.     0. -1000.     0.]
[-55.68579724  62.72699483   0.85451544],"[ 5.43932090e-02  1.95495378e-02 -1.93739827e-04  1.95495378e-02
  2.79266062e-01 -4.15768906e-04 -1.93739827e-04 -4.15768906e-04
  3.66182136e-03]",[64.21978105  9.65722519],[ 0.02397945 -0.03362624 -0.03362624  0.16272012],[-233.64371227  359.21991622],[ 0.04636678 -0.01392703 -0.01392703  0.23814934],[-1000. -1000.],[-1000.     0. -1000.     0.]
[-55.08014923  63.19569607   0.8529566 ],"[ 5.63819727e-02  2.23884848e-02 -2.04553058e-04  2.23884848e-02
  2.82271336e-01 -4.27595346e-04 -2.04553058e-04 -4.27595346e-04
  3.66186854e-03]",[64.21386671  9.68352266],[ 0.02397936 -0.03362582 -0.03362582  0.16271827],[-233.63578836  358.87948129],[ 0.04636528 -0.01391435 -0.01391435  0.23763873],[-1000. -1000.],[-1000.     0. -1000.     0.]
[-55.3683409   52.89602727   0.89761173],"[ 5.80336611e-02  2.47435285e-02 -2.13424200e-04  2.47435285e-02
  2.84867208e-01 -4.37556810e-04 -2.13424200e-04 -4.37556810e-04
