mu,mu_0,mu_1,mu_2,sigma,sigma_0,sigma_1,sigma_2
[0. 0. 0.],[-1000. -1000.],[-1000. -1000.],[-1000. -1000.],[0.01 0.   0.   0.   0.01 0.   0.   0.   0.01],[-1000.     0. -1000.     0.],[-1000.     0. -1000.     0.],[-1000.     0. -1000.     0.]
[0. 0. 0.],[-1000. -1000.],[-1000. -1000.],[-1000. -1000.],[0.01 0.   0.   0.   0.01 0.   0.   0.   0.01],[-1000.     0. -1000.     0.],[-1000.     0. -1000.     0.],[-1000.     0. -1000.     0.]
[0. 0. 0.],[-1000. -1000.],[-1000. -1000.],[-1000. -1000.],[0.01 0.   0.   0.   0.01 0.   0.   0.   0.01],[-1000.     0. -1000.     0.],[-1000.     0. -1000.     0.],[-1000.     0. -1000.     0.]
[0. 0. 0.],[-1000. -1000.],[-1000. -1000.],[-1000. -1000.],[0.01 0.   0.   0.   0.01 0.   0.   0.   0.01],[-1000.     0. -1000.     0.],[-1000.     0. -1000.     0.],[-1000.     0. -1000.     0.]
[0. 0. 0.],[-1000. -1000.],[-1000. -1000.],[-1000. -1000.],[0.01 0.   0.   0.   0.01 0.   0.   0.   0.01],[-1000.     0. -1000.     0.],[-1000.     0. -1000.     0.],[-1000.     0. -1000.     0.]
[0. 0. 0.],[-1000. -1000.],[-1000. -1000.],[-1000. -1000.],[0.01 0.   0.   0.   0.01 0.   0.   0.   0.01],[-1000.     0. -1000.     0.],[-1000.     0. -1000.     0.],[-1000.     0. -1000.     0.]
[0. 0. 0.],[-1000. -1000.],[-1000. -1000.],[-1000. -1000.],[0.01 0.   0.   0.   0.01 0.   0.   0.   0.01],[-1000.     0. -1000.     0.],[-1000.     0. -1000.     0.],[-1000.     0. -1000.     0.]
[0. 0. 0.],[-1000. -1000.],[-1000. -1000.],[-1000. -1000.],[0.01 0.   0.   0.   0.01 0.   0.   0.   0.01],[-1000.     0. -1000.     0.],[-1000.     0. -1000.     0.],[-1000.     0. -1000.     0.]
[0. 0. 0.],[-1000. -1000.],[-1000. -1000.],[-1000. -1000.],[0.01 0.   0.   0.   0.01 0.   0.   0.   0.01],[-1000.     0. -1000.     0.],[-1000.     0. -1000.     0.],[-1000.     0. -1000.     0.]
[0. 0. 0.],[-1000. -1000.],[-1000. -1000.],[-1000. -1000.],[0.01 0.   0.   0.   0.01 0.   0.   0.   0.01],[-1000.     0. -1000.     0.],[-1000.     0. -1000.     0.],[-1000.     0. -1000.     0.]
[0. 0. 0.],[-1000. -1000.],[-1000. -1000.],[-1000. -1000.],[0.01 0.   0.   0.   0.01 0.   0.   0.   0.01],[-1000.     0. -1000.     0.],[-1000.     0. -1000.     0.],[-1000.     0. -1000.     0.]
[0. 0. 0.],[-1000. -1000.],[-1000. -1000.],[-1000. -1000.],[0.01 0.   0.   0.   0.01 0.   0.   0.   0.01],[-1000.     0. -1000.     0.],[-1000.     0. -1000.     0.],[-1000.     0. -1000.     0.]
[0. 0. 0.],[-1000. -1000.],[-1000. -1000.],[-1000. -1000.],[0.01 0.   0.   0.   0.01 0.   0.   0.   0.01],[-1000.     0. -1000.     0.],[-1000.     0. -1000.     0.],[-1000.     0. -1000.     0.]
[0. 0. 0.],[-1000. -1000.],[-1000. -1000.],[-1000. -1000.],[0.01 0.   0.   0.   0.01 0.   0.   0.   0.01],[-1000.     0. -1000.     0.],[-1000.     0. -1000.     0.],[-1000.     0. -1000.     0.]
[0. 0. 0.],[-1000. -1000.],[-1000. -1000.],[-1000. -1000.],[0.01 0.   0.   0.   0.01 0.   0.   0.   0.01],[-1000.     0. -1000.     0.],[-1000.     0. -1000.     0.],[-1000.     0. -1000.     0.]
[0. 0. 0.],[-1000. -1000.],[-1000. -1000.],[-1000. -1000.],[0.01 0.   0.   0.   0.01 0.   0.   0.   0.01],[-1000.     0. -1000.     0.],[-1000.     0. -1000.     0.],[-1000.     0. -1000.     0.]
[0. 0. 0.],[-1000. -1000.],[-1000. -1000.],[-1000. -1000.],[0.01 0.   0.   0.   0.01 0.   0.   0.   0.01],[-1000.     0. -1000.     0.],[-1000.     0. -1000.     0.],[-1000.     0. -1000.     0.]
[0. 0. 0.],[-1000. -1000.],[-1000. -1000.],[-1000. -1000.],[0.01 0.   0.   0.   0.01 0.   0.   0.   0.01],[-1000.     0. -1000.     0.],[-1000.     0. -1000.     0.],[-1000.     0. -1000.     0.]
[0. 0. 0.],[-1000. -1000.],[-1000. -1000.],[-1000. -1000.],[0.01 0.   0.   0.   0.01 0.   0.   0.   0.01],[-1000.     0. -1000.     0.],[-1000.     0. -1000.     0.],[-1000.     0. -1000.     0.]
[0. 0. 0.],[-1000. -1000.],[-1000. -1000.],[-1000. -1000.],[0.01 0.   0.   0.   0.01 0.   0.   0.   0.01],[-1000.     0. -1000.     0.],[-1000.     0. -1000.     0.],[-1000.     0. -1000.     0.]
[0. 0. 0.],[-1000. -1000.],[-1000. -1000.],[-1000. -1000.],[0.01 0.   0.   0.   0.01 0.   0.   0.   0.01],[-1000.     0. -1000.     0.],[-1000.     0. -1000.     0.],[-1000.     0. -1000.     0.]
[0. 0. 0.],[-1000. -1000.],[-1000. -1000.],[-1000. -1000.],[0.01 0.   0.   0.   0.01 0.   0.   0.   0.01],[-1000.     0. -1000.     0.],[-1000.     0. -1000.     0.],[-1000.     0. -1000.     0.]
[0. 0. 0.],[-1000. -1000.],[-1000. -1000.],[-1000. -1000.],[0.01 0.   0.   0.   0.01 0.   0.   0.   0.01],[-1000.     0. -1000.     0.],[-1000.     0. -1000.     0.],[-1000.     0. -1000.     0.]
[0. 0. 0.],[-1000. -1000.],[-1000. -1000.],[-1000. -1000.],[0.01 0.   0.   0.   0.01 0.   0.   0.   0.01],[-1000.     0. -1000.     0.],[-1000.     0. -1000.     0.],[-1000.     0. -1000.     0.]
[0. 0. 0.],[-1000. -1000.],[-1000. -1000.],[-1000. -1000.],[0.01 0.   0.   0.   0.01 0.   0.   0.   0.01],[-1000.     0. -1000.     0.],[-1000.     0. -1000.     0.],[-1000.     0. -1000.     0.]
[0. 0. 0.],[-1000. -1000.],[-1000. -1000.],[-1000. -1000.],[0.01 0.   0.   0.   0.01 0.   0.   0.   0.01],[-1000.     0. -1000.     0.],[-1000.     0. -1000.     0.],[-1000.     0. -1000.     0.]
[0. 0. 0.],[-1000. -1000.],[-1000. -1000.],[-1000. -1000.],[0.01 0.   0.   0.   0.01 0.   0.   0.   0.01],[-1000.     0. -1000.     0.],[-1000.     0. -1000.     0.],[-1000.     0. -1000.     0.]
[0. 0. 0.],[-1000. -1000.],[-1000. -1000.],[-1000. -1000.],[0.01 0.   0.   0.   0.01 0.   0.   0.   0.01],[-1000.     0. -1000.     0.],[-1000.     0. -1000.     0.],[-1000.     0. -1000.     0.]
[0. 0. 0.],[-1000. -1000.],[-1000. -1000.],[-1000. -1000.],[0.01 0.   0.   0.   0.01 0.   0.   0.   0.01],[-1000.     0. -1000.     0.],[-1000.     0. -1000.     0.],[-1000.     0. -1000.     0.]
[0. 0. 0.],[-1000. -1000.],[-1000. -1000.],[-1000. -1000.],[0.01 0.   0.   0.   0.01 0.   0.   0.   0.01],[-1000.     0. -1000.     0.],[-1000.     0. -1000.     0.],[-1000.     0. -1000.     0.]
[0. 0. 0.],[-1000. -1000.],[-1000. -1000.],[-1000. -1000.],[0.01 0.   0.   0.   0.01 0.   0.   0.   0.01],[-1000.     0. -1000.     0.],[-1000.     0. -1000.     0.],[-1000.     0. -1000.     0.]
[0. 0. 0.],[-1000. -1000.],[-1000. -1000.],[-1000. -1000.],[0.01 0.   0.   0.   0.01 0.   0.   0.   0.01],[-1000.     0. -1000.     0.],[-1000.     0. -1000.     0.],[-1000.     0. -1000.     0.]
[0. 0. 0.],[-1000. -1000.],[-1000. -1000.],[-1000. -1000.],[0.01 0.   0.   0.   0.01 0.   0.   0.   0.01],[-1000.     0. -1000.     0.],[-1000.     0. -1000.     0.],[-1000.     0. -1000.     0.]
[0. 0. 0.],[-1000. -1000.],[-1000. -1000.],[-1000. -1000.],[0.01 0.   0.   0.   0.01 0.   0.   0.   0.01],[-1000.     0. -1000.     0.],[-1000.     0. -1000.     0.],[-1000.     0. -1000.     0.]
[0. 0. 0.],[-1000. -1000.],[-1000. -1000.],[-1000. -1000.],[0.01 0.   0.   0.   0.01 0.   0.   0.   0.01],[-1000.     0. -1000.     0.],[-1000.     0. -1000.     0.],[-1000.     0. -1000.     0.]
[0. 0. 0.],[-1000. -1000.],[-1000. -1000.],[-1000. -1000.],[0.01 0.   0.   0.   0.01 0.   0.   0.   0.01],[-1000.     0. -1000.     0.],[-1000.     0. -1000.     0.],[-1000.     0. -1000.     0.]
[0. 0. 0.],[-1000. -1000.],[-1000. -1000.],[-1000. -1000.],[0.01 0.   0.   0.   0.01 0.   0.   0.   0.01],[-1000.     0. -1000.     0.],[-1000.     0. -1000.     0.],[-1000.     0. -1000.     0.]
[0. 0. 0.],[-1000. -1000.],[-1000. -1000.],[-1000. -1000.],[0.01 0.   0.   0.   0.01 0.   0.   0.   0.01],[-1000.     0. -1000.     0.],[-1000.     0. -1000.     0.],[-1000.     0. -1000.     0.]
[0. 0. 0.],[-1000. -1000.],[-1000. -1000.],[-1000. -1000.],[0.01 0.   0.   0.   0.01 0.   0.   0.   0.01],[-1000.     0. -1000.     0.],[-1000.     0. -1000.     0.],[-1000.     0. -1000.     0.]
[0. 0. 0.],[-1000. -1000.],[-1000. -1000.],[-1000. -1000.],[0.01 0.   0.   0.   0.01 0.   0.   0.   0.01],[-1000.     0. -1000.     0.],[-1000.     0. -1000.     0.],[-1000.     0. -1000.     0.]
[0. 0. 0.],[-1000. -1000.],[-1000. -1000.],[-1000. -1000.],[0.01 0.   0.   0.   0.01 0.   0.   0.   0.01],[-1000.     0. -1000.     0.],[-1000.     0. -1000.     0.],[-1000.     0. -1000.     0.]
[0. 0. 0.],[-1000. -1000.],[-1000. -1000.],[-1000. -1000.],[0.01 0.   0.   0.   0.01 0.   0.   0.   0.01],[-1000.     0. -1000.     0.],[-1000.     0. -1000.     0.],[-1000.     0. -1000.     0.]
[0. 0. 0.],[-1000. -1000.],[-1000. -1000.],[-1000. -1000.],[0.01 0.   0.   0.   0.01 0.   0.   0.   0.01],[-1000.     0. -1000.     0.],[-1000.     0. -1000.     0.],[-1000.     0. -1000.     0.]
[0. 0. 0.],[-1000. -1000.],[-1000. -1000.],[-1000. -1000.],[0.01 0.   0.   0.   0.01 0.   0.   0.   0.01],[-1000.     0. -1000.     0.],[-1000.     0. -1000.     0.],[-1000.     0. -1000.     0.]
[0. 0. 0.],[-1000. -1000.],[-1000. -1000.],[-1000. -1000.],[0.01 0.   0.   0.   0.01 0.   0.   0.   0.01],[-1000.     0. -1000.     0.],[-1000.     0. -1000.     0.],[-1000.     0. -1000.     0.]
[0. 0. 0.],[-1000. -1000.],[-1000. -1000.],[-1000. -1000.],[0.01 0.   0.   0.   0.01 0.   0.   0.   0.01],[-1000.     0. -1000.     0.],[-1000.     0. -1000.     0.],[-1000.     0. -1000.     0.]
[0. 0. 0.],[-1000. -1000.],[-1000. -1000.],[-1000. -1000.],[0.01 0.   0.   0.   0.01 0.   0.   0.   0.01],[-1000.     0. -1000.     0.],[-1000.     0. -1000.     0.],[-1000.     0. -1000.     0.]
[0. 0. 0.],[-1000. -1000.],[-1000. -1000.],[-1000. -1000.],[0.01 0.   0.   0.   0.01 0.   0.   0.   0.01],[-1000.     0. -1000.     0.],[-1000.     0. -1000.     0.],[-1000.     0. -1000.     0.]
[0. 0. 0.],[-1000. -1000.],[-1000. -1000.],[-1000. -1000.],[0.01 0.   0.   0.   0.01 0.   0.   0.   0.01],[-1000.     0. -1000.     0.],[-1000.     0. -1000.     0.],[-1000.     0. -1000.     0.]
[0. 0. 0.],[-1000. -1000.],[-1000. -1000.],[-1000. -1000.],[0.01 0.   0.   0.   0.01 0.   0.   0.   0.01],[-1000.     0. -1000.     0.],[-1000.     0. -1000.     0.],[-1000.     0. -1000.     0.]
[0. 0. 0.],[-1000. -1000.],[-1000. -1000.],[-1000. -1000.],[0.01 0.   0.   0.   0.01 0.   0.   0.   0.01],[-1000.     0. -1000.     0.],[-1000.     0. -1000.     0.],[-1000.     0. -1000.     0.]
[0. 0. 0.],[-1000. -1000.],[-1000. -1000.],[-1000. -1000.],[0.01 0.   0.   0.   0.01 0.   0.   0.   0.01],[-1000.     0. -1000.     0.],[-1000.     0. -1000.     0.],[-1000.     0. -1000.     0.]
[0.24698088 0.08652057 0.34975815],[59.60180813 19.89706059],[-1000. -1000.],[-1000. -1000.],"[ 1.10028377e-02 -3.00295818e-03  6.20599623e-05 -3.00295818e-03
  1.89924069e-02 -1.69172532e-04  6.20599623e-05 -1.69172532e-04
  6.66935783e-03]",[ 0.00775071 -0.0007508  -0.0007508   0.00974845],[-1000.     0. -1000.     0.],[-1000.     0. -1000.     0.]
[0.3156309  0.11202278 0.45952126],[59.59193597 19.8934309 ],[-1000. -1000.],[-1000. -1000.],"[ 0.01363948 -0.00545656  0.00010937 -0.00545656  0.02816598 -0.00032411
  0.00010937 -0.00032411  0.00625601]",[ 0.00754614 -0.00081892 -0.00081892  0.00972565],[-1000.     0. -1000.     0.],[-1000.     0. -1000.     0.]
[0.34228542 0.12307897 0.50036099],[59.59089559 19.89304395],[-1000. -1000.],[-1000. -1000.],"[ 0.01548555 -0.00817215  0.00015823 -0.00817215  0.03724926 -0.00047718
  0.00015823 -0.00047718  0.00619942]",[ 0.00751791 -0.00082831 -0.00082831  0.00972251],[-1000.     0. -1000.     0.],[-1000.     0. -1000.     0.]
[0.3523874  0.12844848 0.51589634],[59.59086672 19.89303154],[-1000. -1000.],[-1000. -1000.],"[ 0.01684413 -0.01104897  0.00020822 -0.01104897  0.04627576 -0.00062961
  0.00020822 -0.00062961  0.00619348]",[ 0.00751382 -0.00082967 -0.00082967  0.00972205],[-1000.     0. -1000.     0.],[-1000.     0. -1000.     0.]
[0.06430076 0.03457504 0.53427005],[59.59330044 19.89383816],[-1000. -1000.],[-1000. -1000.],"[ 0.01798568 -0.0139968   0.00025863 -0.0139968   0.05527559 -0.00078168
  0.00025863 -0.00078168  0.00619485]",[ 0.00751323 -0.00082986 -0.00082986  0.00972199],[-1000.     0. -1000.     0.],[-1000.     0. -1000.     0.]
[-4.66704902e-02 -2.88089433e-04  5.41210926e-01],[59.59367325 19.89396178],[-1000. -1000.],[-1000. -1000.],"[ 0.01903909 -0.01697233  0.00030798 -0.01697233  0.0642635  -0.00093037
  0.00030798 -0.00093037  0.00619714]",[ 0.00751314 -0.00082989 -0.00082989  0.00972198],[-1000.     0. -1000.     0.],[-1000.     0. -1000.     0.]
[-0.08953222 -0.01246013  0.54381759],[59.59373446 19.89398201],[-1000. -1000.],[-1000. -1000.],"[ 0.02005775 -0.01995788  0.00035743 -0.01995788  0.07324522 -0.00107902
  0.00035743 -0.00107902  0.00619958]",[ 0.00751313 -0.0008299  -0.0008299   0.00972198],[-1000.     0. -1000.     0.],[-1000.     0. -1000.     0.]
[-0.10630781 -0.01594237  0.54478357],[59.59374601 19.89398576],[-1000. -1000.],[-1000. -1000.],"[ 0.02106265 -0.02294645  0.00040711 -0.02294645  0.08222304 -0.00122823
  0.00040711 -0.00122823  0.00620205]",[ 0.00751313 -0.0008299  -0.0008299   0.00972198],[-1000.     0. -1000.     0.],[-1000.     0. -1000.     0.]
[-0.11310828 -0.01610221  0.54512901],[59.5937487  19.89398661],[-1000. -1000.],[-1000. -1000.],"[ 0.02206187 -0.02593531  0.00045695 -0.02593531  0.09119788 -0.00137789
  0.00045695 -0.00137789  0.00620455]",[ 0.00751313 -0.0008299  -0.0008299   0.00972198],[-1000.     0. -1000.     0.],[-1000.     0. -1000.     0.]
[-2.99842395 -0.97579033  0.56037909],[59.59393714 19.89405902],[-1000. -1000.],[-1000. -1000.],"[ 0.02305848 -0.0289234   0.00050688 -0.0289234   0.10017008 -0.00152781
  0.00050688 -0.00152781  0.00620705]",[ 0.00751313 -0.0008299  -0.0008299   0.00972198],[-1000.     0. -1000.     0.],[-1000.     0. -1000.     0.]
[-4.10102722 -1.3410024   0.56549756],[59.59396527 19.89406815],[-1000. -1000.],[-1000. -1000.],"[ 0.02405368 -0.03191068  0.00053962 -0.03191068  0.10914199 -0.00162662
  0.00053962 -0.00162662  0.00620785]",[ 0.00751313 -0.0008299  -0.0008299   0.00972198],[-1000.     0. -1000.     0.],[-1000.     0. -1000.     0.]
[-4.52263909 -1.47916676  0.56714945],[59.59397    19.89406778],[-1000. -1000.],[-1000. -1000.],"[ 0.025048   -0.03489687  0.00057494 -0.03489687  0.11811222 -0.001733
  0.00057494 -0.001733    0.00620891]",[ 0.00751313 -0.0008299  -0.0008299   0.00972197],[-1000.     0. -1000.     0.],[-1000.     0. -1000.     0.]
[-4.68412179 -1.53062265  0.56764806],[59.59397106 19.8940667 ],[-1000. -1000.],[-1000. -1000.],"[ 0.02604159 -0.03788183  0.00061472 -0.03788183  0.12708039 -0.00185263
  0.00061472 -0.00185263  0.00621041]",[ 0.00751313 -0.0008299  -0.0008299   0.00972197],[-1000.     0. -1000.     0.],[-1000.     0. -1000.     0.]
[-6.59990153 -2.16650324  0.58328395],[59.5939718  19.89407349],[-1000. -1000.],[-1000. -1000.],"[ 0.0270345  -0.04086547  0.00065759 -0.04086547  0.13604639 -0.00198149
  0.00065759 -0.00198149  0.00621223]",[ 0.00751313 -0.0008299  -0.0008299   0.00972197],[-1000.     0. -1000.     0.],[-1000.     0. -1000.     0.]
[-7.33217495 -2.40788829  0.58873273],[59.59397231 19.89407329],[-1000. -1000.],[-1000. -1000.],"[ 0.02802657 -0.04384783  0.0006892  -0.04384783  0.14501199 -0.00207705
  0.0006892  -0.00207705  0.00621302]",[ 0.00751313 -0.0008299  -0.0008299   0.00972197],[-1000.     0. -1000.     0.],[-1000.     0. -1000.     0.]
[-7.61237153 -2.49862044  0.59058674],[59.59397276 19.89407215],[-1000. -1000.],[-1000. -1000.],"[ 0.02901801 -0.04682898  0.00072391 -0.04682898  0.15397602 -0.00218169
  0.00072391 -0.00218169  0.00621411]",[ 0.00751313 -0.0008299  -0.0008299   0.00972197],[-1000.     0. -1000.     0.],[-1000.     0. -1000.     0.]
[-7.71988289 -2.53182252  0.59119208],[59.59397304 19.89407133],[-1000. -1000.],[-1000. -1000.],"[ 0.03000882 -0.04980887  0.00076261 -0.04980887  0.16293813 -0.00229821
  0.00076261 -0.00229821  0.00621557]",[ 0.00751313 -0.0008299  -0.0008299   0.00972197],[-1000.     0. -1000.     0.],[-1000.     0. -1000.     0.]
[-7.76143168 -2.54305547  0.59137036],[59.59397319 19.89407089],[-1000. -1000.],[-1000. -1000.],"[ 0.03099899 -0.05278747  0.00080394 -0.05278747  0.17189822 -0.0024226
  0.00080394 -0.0024226   0.00621727]",[ 0.00751313 -0.0008299  -0.0008299   0.00972197],[-1000.     0. -1000.     0.],[-1000.     0. -1000.     0.]
[-8.88067489 -2.91304832  0.60389816],[59.59397219 19.89407394],[-1000. -1000.],[-1000. -1000.],"[ 0.03198849 -0.05576473  0.00084672 -0.05576473  0.18085626 -0.00255134
  0.00084672 -0.00255134  0.00621911]",[ 0.00751313 -0.0008299  -0.0008299   0.00972197],[-1000.     0. -1000.     0.],[-1000.     0. -1000.     0.]
[-9.30872767 -3.05277896  0.60833661],[59.59397226 19.89407372],[-1000. -1000.],[-1000. -1000.],"[ 0.03297711 -0.05874056  0.00088086 -0.05874056  0.18981375 -0.00265455
  0.00088086 -0.00265455  0.0062202 ]",[ 0.00751313 -0.0008299  -0.0008299   0.00972197],[-1000.     0. -1000.     0.],[-1000.     0. -1000.     0.]
[-9.47275609 -3.10457893  0.60987913],[59.59397247 19.8940731 ],[-1000. -1000.],[-1000. -1000.],"[ 0.03396506 -0.06171513  0.00091705 -0.06171513  0.19876966 -0.00276376
  0.00091705 -0.00276376  0.00622146]",[ 0.00751313 -0.0008299  -0.0008299   0.00972197],[-1000.     0. -1000.     0.],[-1000.     0. -1000.     0.]
[-9.53593091 -3.12280171  0.61039475],[59.59397261 19.89407267],[-1000. -1000.],[-1000. -1000.],"[ 0.03495237 -0.06468843  0.00095608 -0.06468843  0.20772372 -0.0028814
  0.00095608 -0.0028814   0.00622298]",[ 0.00751313 -0.0008299  -0.0008299   0.00972197],[-1000.     0. -1000.     0.],[-1000.     0. -1000.     0.]
[-14.00945016  -4.60917376   0.62885601],[59.59396902 19.89408344],[-1000. -1000.],[-1000. -1000.],"[ 0.03593903 -0.06766042  0.00099699 -0.06766042  0.21667584 -0.00300468
  0.00099699 -0.00300468  0.00622467]",[ 0.00751313 -0.0008299  -0.0008299   0.00972197],[-1000.     0. -1000.     0.],[-1000.     0. -1000.     0.]
[-15.71879286  -5.17511911   0.63451309],[59.5939682  19.89408589],[-1000. -1000.],[-1000. -1000.],"[ 0.03692521 -0.07063194  0.00099849 -0.07063194  0.22562947 -0.0030101
  0.00099849 -0.0030101   0.00622299]",[ 0.00751313 -0.0008299  -0.0008299   0.00972197],[-1000.     0. -1000.     0.],[-1000.     0. -1000.     0.]
[-16.37229918  -5.38951142   0.63608822],[59.59396857 19.89408477],[-1000. -1000.],[-1000. -1000.],"[ 0.03791101 -0.07360288  0.00100922 -0.07360288  0.23458301 -0.00304294
  0.00100922 -0.00304294  0.00622217]",[ 0.00751313 -0.0008299  -0.0008299   0.00972197],[-1000.     0. -1000.     0.],[-1000.     0. -1000.     0.]
[-16.62249614  -5.46966194   0.63644526],[59.593969   19.89408348],[-1000. -1000.],[-1000. -1000.],"[ 0.03889627 -0.07657285  0.00103201 -0.07657285  0.24353561 -0.00311187
  0.00103201 -0.00311187  0.00622238]",[ 0.00751313 -0.0008299  -0.0008299   0.00972197],[-1000.     0. -1000.     0.],[-1000.     0. -1000.     0.]
[-21.13933172  -6.96955024   0.65223396],[59.59396533 19.89409448],[-1000. -1000.],[-1000. -1000.],"[ 0.03988091 -0.07954164  0.00106263 -0.07954164  0.25248675 -0.00320431
  0.00106263 -0.00320431  0.00622324]",[ 0.00751313 -0.0008299  -0.0008299   0.00972197],[-1000.     0. -1000.     0.],[-1000.     0. -1000.     0.]
[-22.86525488  -7.54054556   0.65672477],[59.59396425 19.89409771],[-1000. -1000.],[-1000. -1000.],"[ 0.04086521 -0.0825101   0.00105905 -0.0825101   0.26143891 -0.00319436
  0.00105905 -0.00319436  0.00622146]",[ 0.00751313 -0.00082989 -0.00082989  0.00972197],[-1000.     0. -1000.     0.],[-1000.     0. -1000.     0.]
[-23.52513554  -7.75673902   0.65780427],[59.59396445 19.89409713],[-1000. -1000.],[-1000. -1000.],"[ 0.04184921 -0.08547813  0.00106606 -0.08547813  0.27039125 -0.00321602
  0.00106606 -0.00321602  0.00622057]",[ 0.00751313 -0.00082989 -0.00082989  0.00972196],[-1000.     0. -1000.     0.],[-1000.     0. -1000.     0.]
[-23.77780901  -7.83744974   0.65795432],[59.59396479 19.89409611],[-1000. -1000.],[-1000. -1000.],"[ 0.04283266 -0.08844522  0.00108548 -0.08844522  0.27934294 -0.00327485
  0.00108548 -0.00327485  0.00622065]",[ 0.00751313 -0.00082989 -0.00082989  0.00972196],[-1000.     0. -1000.     0.],[-1000.     0. -1000.     0.]
[-23.87493595  -7.86643107   0.65789717],[59.59396501 19.89409546],[-1000. -1000.],[-1000. -1000.],"[ 0.04381549 -0.09141117  0.0011128  -0.09141117  0.28829343 -0.00335741
  0.0011128  -0.00335741  0.00622132]",[ 0.00751313 -0.00082989 -0.00082989  0.00972196],[-1000.     0. -1000.     0.],[-1000.     0. -1000.     0.]
[-30.72512178 -10.14118913   0.68064087],[59.59396023 19.89410975],[-1000. -1000.],[-1000. -1000.],"[ 0.04479769 -0.09437595  0.00114436 -0.09437595  0.29724248 -0.00345273
  0.00114436 -0.00345273  0.00622231]",[ 0.00751313 -0.00082989 -0.00082989  0.00972196],[-1000.     0. -1000.     0.],[-1000.     0. -1000.     0.]
[-33.34234808 -11.00804303   0.68687447],[59.59395781 19.89411702],[-1000. -1000.],[-1000. -1000.],"[ 0.04577966 -0.09734061  0.00112132 -0.09734061  0.30619294 -0.00338443
  0.00112132 -0.00338443  0.00621947]",[ 0.00751313 -0.00082989 -0.00082989  0.00972196],[-1000.     0. -1000.     0.],[-1000.     0. -1000.     0.]
[-34.34274013 -11.3370529    0.68823181],[59.59395746 19.89411805],[-1000. -1000.],[-1000. -1000.],"[ 0.0467617  -0.10030559  0.00111271 -0.10030559  0.31514477 -0.00335918
  0.00111271 -0.00335918  0.00621775]",[ 0.00751313 -0.00082989 -0.00082989  0.00972196],[-1000.     0. -1000.     0.],[-1000.     0. -1000.     0.]
[-34.72554193 -11.46065954   0.68833365],[59.59395773 19.89411726],[-1000. -1000.],[-1000. -1000.],"[ 0.04774328 -0.10326996  0.00112155 -0.10326996  0.32409692 -0.00338623
  0.00112155 -0.00338623  0.00621725]",[ 0.00751313 -0.00082989 -0.00082989  0.00972196],[-1000.     0. -1000.     0.],[-1000.     0. -1000.     0.]
[-46.6302285  -15.41455345   0.72510849],[59.59394773 19.89414722],[-1000. -1000.],[-1000. -1000.],"[ 0.04872425 -0.10623328  0.00114148 -0.10623328  0.33304843 -0.0034466
  0.00114148 -0.0034466   0.0062175 ]",[ 0.00751313 -0.00082989 -0.00082989  0.00972196],[-1000.     0. -1000.     0.],[-1000.     0. -1000.     0.]
[-51.17803588 -16.92300886   0.73462246],[59.5939385  19.89417486],[-1000. -1000.],[-1000. -1000.],"[ 0.04970535 -0.10919675  0.00108518 -0.10919675  0.34199966 -0.00327853
  0.00108518 -0.00327853  0.00621309]",[ 0.00751312 -0.00082989 -0.00082989  0.00972195],[-1000.     0. -1000.     0.],[-1000.     0. -1000.     0.]
[-52.91589577 -17.49693446   0.73630846],[59.59393442 19.89418708],[-1000. -1000.],[-1000. -1000.],"[ 0.05068763 -0.11216259  0.00105322 -0.11216259  0.35095447 -0.00318302
  0.00105322 -0.00318302  0.00621039]",[ 0.00751312 -0.00082989 -0.00082989  0.00972195],[-1000.     0. -1000.     0.],[-1000.     0. -1000.     0.]
[-53.58049036 -17.71376975   0.73616194],[59.59393364 19.89418941],[-1000. -1000.],[-1000. -1000.],"[ 0.05166962 -0.11512836  0.00104731 -0.11512836  0.3599115  -0.00316564
  0.00104731 -0.00316564  0.00620929]",[ 0.00751312 -0.00082989 -0.00082989  0.00972195],[-1000.     0. -1000.     0.],[-1000.     0. -1000.     0.]
[-53.83511523 -17.79426473   0.73578811],[59.5939337  19.89418923],[-1000. -1000.],[-1000. -1000.],"[ 0.0526507  -0.11809287  0.00105741 -0.11809287  0.36886913 -0.00319635
  0.00105741 -0.00319635  0.0062091 ]",[ 0.00751312 -0.00082989 -0.00082989  0.00972195],[-1000.     0. -1000.     0.],[-1000.     0. -1000.     0.]
[-60.08324778 -19.86639565   0.75153292],[59.59392822 19.89420564],[-1000. -1000.],[-1000. -1000.],"[ 0.05363095 -0.12105607  0.00107591 -0.12105607  0.37782644 -0.00325238
  0.00107591 -0.00325238  0.00620938]",[ 0.00751312 -0.00082989 -0.00082989  0.00972195],[-1000.     0. -1000.     0.],[-1000.     0. -1000.     0.]
[-62.47060627 -20.65553985   0.75477814],[59.5939253  19.89421441],[-1000. -1000.],[-1000. -1000.],"[ 0.0546113  -0.12401952  0.00106263 -0.12401952  0.38678433 -0.00321313
  0.00106263 -0.00321313  0.00620802]",[ 0.00751312 -0.00082989 -0.00082989  0.00972195],[-1000.     0. -1000.     0.],[-1000.     0. -1000.     0.]
[-63.38331198 -20.9545071    0.75490188],[59.59392458 19.89421657],[-1000. -1000.],[-1000. -1000.],"[ 0.05559156 -0.12698295  0.00105964 -0.12698295  0.39574294 -0.00320459
  0.00105964 -0.00320459  0.00620723]",[ 0.00751312 -0.00082989 -0.00082989  0.00972195],[-1000.     0. -1000.     0.],[-1000.     0. -1000.     0.]
[-63.73274044 -21.06627074   0.75450423],[59.59392459 19.89421653],[-1000. -1000.],[-1000. -1000.],"[ 0.05657124 -0.12994554  0.00106848 -0.12994554  0.40470183 -0.00323154
  0.00106848 -0.00323154  0.00620705]",[ 0.00751312 -0.00082989 -0.00082989  0.00972195],[-1000.     0. -1000.     0.],[-1000.     0. -1000.     0.]
[-63.86700621 -21.10656023   0.75416998],[59.59392468 19.89421625],[-1000. -1000.],[-1000. -1000.],"[ 0.05755025 -0.13290708  0.00108479 -0.13290708  0.41366038 -0.00328098
  0.00108479 -0.00328098  0.00620726]",[ 0.00751312 -0.00082989 -0.00082989  0.00972195],[-1000.     0. -1000.     0.],[-1000.     0. -1000.     0.]
[-63.91908386 -21.1195603    0.75396076],[59.59392474 19.89421607],[-1000. -1000.],[-1000. -1000.],"[ 0.05852868 -0.13586763  0.00110509 -0.13586763  0.42261828 -0.00334246
  0.00110509 -0.00334246  0.00620766]",[ 0.00751312 -0.00082989 -0.00082989  0.00972195],[-1000.     0. -1000.     0.],[-1000.     0. -1000.     0.]
[-63.93976755 -21.12214012   0.75383778],[59.59392477 19.89421598],[-1000. -1000.],[-1000. -1000.],"[ 0.05950657 -0.13882723  0.00112736 -0.13882723  0.43157539 -0.00340987
  0.00112736 -0.00340987  0.00620816]",[ 0.00751312 -0.00082989 -0.00082989  0.00972195],[-1000.     0. -1000.     0.],[-1000.     0. -1000.     0.]
[-63.94845955 -21.12074085   0.75376244],[59.59392479 19.89421594],[-1000. -1000.],[-1000. -1000.],"[ 0.06048393 -0.1417859   0.00115054 -0.1417859   0.44053165 -0.00348006
  0.00115054 -0.00348006  0.00620871]",[ 0.00751312 -0.00082989 -0.00082989  0.00972195],[-1000.     0. -1000.     0.],[-1000.     0. -1000.     0.]
[-63.952571   -21.11782207   0.7537109 ],[59.59392479 19.89421592],[-1000. -1000.],[-1000. -1000.],"[ 0.06146078 -0.14474366  0.00117414 -0.14474366  0.44948704 -0.00355152
  0.00117414 -0.00355152  0.00620928]",[ 0.00751312 -0.00082989 -0.00082989  0.00972195],[-1000.     0. -1000.     0.],[-1000.     0. -1000.     0.]
[-63.95493276 -21.11432302   0.75367059],[59.59392479 19.89421592],[-1000. -1000.],[-1000. -1000.],"[ 0.06243713 -0.1477005   0.00119791 -0.1477005   0.45844156 -0.00362353
  0.00119791 -0.00362353  0.00620986]",[ 0.00751312 -0.00082989 -0.00082989  0.00972195],[-1000.     0. -1000.     0.],[-1000.     0. -1000.     0.]
[-63.95662611 -21.11060235   0.7536354 ],[59.59392479 19.89421592],[-1000. -1000.],[-1000. -1000.],"[ 0.06341297 -0.15065644  0.00122176 -0.15065644  0.46739521 -0.00369578
  0.00122176 -0.00369578  0.00621044]",[ 0.00751312 -0.00082989 -0.00082989  0.00972195],[-1000.     0. -1000.     0.],[-1000.     0. -1000.     0.]
[-63.95806408 -21.10679705   0.75360246],[59.59392479 19.89421592],[-1000. -1000.],[-1000. -1000.],"[ 0.0643883  -0.15361146  0.00124564 -0.15361146  0.47634797 -0.00376813
  0.00124564 -0.00376813  0.00621103]",[ 0.00751312 -0.00082989 -0.00082989  0.00972195],[-1000.     0. -1000.     0.],[-1000.     0. -1000.     0.]
[-63.95940443 -21.10295939   0.75357051],[59.59392479 19.89421592],[-1000. -1000.],[-1000. -1000.],"[ 0.06536312 -0.15656557  0.00126953 -0.15656557  0.48529986 -0.00384051
  0.00126953 -0.00384051  0.00621161]",[ 0.00751312 -0.00082989 -0.00082989  0.00972195],[-1000.     0. -1000.     0.],[-1000.     0. -1000.     0.]
[-63.96070742 -21.09910936   0.75353899],[59.59392479 19.89421593],[-1000. -1000.],[-1000. -1000.],"[ 0.06633744 -0.15951877  0.00129341 -0.15951877  0.49425088 -0.00391291
  0.00129341 -0.00391291  0.0062122 ]",[ 0.00751312 -0.00082989 -0.00082989  0.00972195],[-1000.     0. -1000.     0.],[-1000.     0. -1000.     0.]
[-63.96199606 -21.09525459   0.75350764],[59.59392479 19.89421593],[-1000. -1000.],[-1000. -1000.],"[ 0.06731125 -0.16247105  0.00131729 -0.16247105  0.50320101 -0.0039853
  0.00131729 -0.0039853   0.00621278]",[ 0.00751312 -0.00082989 -0.00082989  0.00972195],[-1000.     0. -1000.     0.],[-1000.     0. -1000.     0.]
[-63.96327914 -21.09139798   0.75347636],[59.59392479 19.89421593],[-1000. -1000.],[-1000. -1000.],"[ 0.06828455 -0.16542243  0.00134116 -0.16542243  0.51215027 -0.00405769
  0.00134116 -0.00405769  0.00621337]",[ 0.00751312 -0.00082989 -0.00082989  0.00972195],[-1000.     0. -1000.     0.],[-1000.     0. -1000.     0.]
[-63.96456003 -21.08754064   0.75344512],[59.59392479 19.89421594],[-1000. -1000.],[-1000. -1000.],"[ 0.06925734 -0.1683729   0.00136503 -0.1683729   0.52109865 -0.00413007
  0.00136503 -0.00413007  0.00621396]",[ 0.00751312 -0.00082989 -0.00082989  0.00972195],[-1000.     0. -1000.     0.],[-1000.     0. -1000.     0.]
[-63.96584    -21.08368301   0.75341389],[59.59392479 19.89421594],[-1000. -1000.],[-1000. -1000.],"[ 0.07022963 -0.17132245  0.00138888 -0.17132245  0.53004616 -0.00420245
  0.00138888 -0.00420245  0.00621454]",[ 0.00751312 -0.00082989 -0.00082989  0.00972195],[-1000.     0. -1000.     0.],[-1000.     0. -1000.     0.]
[-63.96711955 -21.07982524   0.75338266],[59.59392478 19.89421594],[-1000. -1000.],[-1000. -1000.],"[ 0.07120142 -0.1742711   0.00141273 -0.1742711   0.53899278 -0.00427481
  0.00141273 -0.00427481  0.00621513]",[ 0.00751312 -0.00082989 -0.00082989  0.00972195],[-1000.     0. -1000.     0.],[-1000.     0. -1000.     0.]
[-63.96839886 -21.0759674    0.75335144],[59.59392478 19.89421595],[-1000. -1000.],[-1000. -1000.],"[ 0.0721727  -0.17721883  0.00143657 -0.17721883  0.54793854 -0.00434717
  0.00143657 -0.00434717  0.00621571]",[ 0.00751312 -0.00082989 -0.00082989  0.00972195],[-1000.     0. -1000.     0.],[-1000.     0. -1000.     0.]
[-63.969678   -21.0721095    0.75332021],[59.59392478 19.89421595],[-1000. -1000.],[-1000. -1000.],"[ 0.07314347 -0.18016566  0.00146041 -0.18016566  0.55688341 -0.00441952
  0.00146041 -0.00441952  0.0062163 ]",[ 0.00751312 -0.00082989 -0.00082989  0.00972195],[-1000.     0. -1000.     0.],[-1000.     0. -1000.     0.]
[-63.97095701 -21.06825157   0.75328899],[59.59392478 19.89421595],[-1000. -1000.],[-1000. -1000.],"[ 0.07411373 -0.18311157  0.00148423 -0.18311157  0.56582741 -0.00449186
  0.00148423 -0.00449186  0.00621688]",[ 0.00751312 -0.00082989 -0.00082989  0.00972195],[-1000.     0. -1000.     0.],[-1000.     0. -1000.     0.]
[-63.97223589 -21.06439359   0.75325777],[59.59392478 19.89421596],[-1000. -1000.],[-1000. -1000.],"[ 0.07508349 -0.18605658  0.00150805 -0.18605658  0.57477053 -0.00456419
  0.00150805 -0.00456419  0.00621747]",[ 0.00751312 -0.00082989 -0.00082989  0.00972195],[-1000.     0. -1000.     0.],[-1000.     0. -1000.     0.]
[-63.97351464 -21.06053558   0.75322655],[59.59392478 19.89421596],[-1000. -1000.],[-1000. -1000.],"[ 0.07605275 -0.18900067  0.00153186 -0.18900067  0.58371277 -0.00463651
  0.00153186 -0.00463651  0.00621805]",[ 0.00751312 -0.00082989 -0.00082989  0.00972195],[-1000.     0. -1000.     0.],[-1000.     0. -1000.     0.]
[-63.97479327 -21.05667753   0.75319532],[59.59392478 19.89421597],[-1000. -1000.],[-1000. -1000.],"[ 0.0770215  -0.19194386  0.00155566 -0.19194386  0.59265414 -0.00470883
  0.00155566 -0.00470883  0.00621864]",[ 0.00751312 -0.00082989 -0.00082989  0.00972195],[-1000.     0. -1000.     0.],[-1000.     0. -1000.     0.]
[-63.97607178 -21.05281945   0.7531641 ],[59.59392478 19.89421597],[-1000. -1000.],[-1000. -1000.],"[ 0.07798974 -0.19488613  0.00157946 -0.19488613  0.60159463 -0.00478113
  0.00157946 -0.00478113  0.00621922]",[ 0.00751312 -0.00082989 -0.00082989  0.00972195],[-1000.     0. -1000.     0.],[-1000.     0. -1000.     0.]
[-63.97735017 -21.04896133   0.75313288],[59.59392477 19.89421597],[-1000. -1000.],[-1000. -1000.],"[ 0.07895748 -0.1978275   0.00160324 -0.1978275   0.61053425 -0.00485343
  0.00160324 -0.00485343  0.00621981]",[ 0.00751312 -0.00082989 -0.00082989  0.00972195],[-1000.     0. -1000.     0.],[-1000.     0. -1000.     0.]
[-63.97862844 -21.04510317   0.75310166],[59.59392477 19.89421598],[-1000. -1000.],[-1000. -1000.],"[ 0.07992471 -0.20076795  0.00162702 -0.20076795  0.61947298 -0.00492572
  0.00162702 -0.00492572  0.00622039]",[ 0.00751312 -0.00082989 -0.00082989  0.00972195],[-1000.     0. -1000.     0.],[-1000.     0. -1000.     0.]
[-63.97990658 -21.04124498   0.75307044],[59.59392477 19.89421598],[-1000. -1000.],[-1000. -1000.],"[ 0.08089144 -0.2037075   0.00165079 -0.2037075   0.62841085 -0.004998
  0.00165079 -0.004998    0.00622097]",[ 0.00751312 -0.00082989 -0.00082989  0.00972195],[-1000.     0. -1000.     0.],[-1000.     0. -1000.     0.]
[-63.9811846  -21.03738675   0.75303921],[59.59392477 19.89421598],[-1000. -1000.],[-1000. -1000.],"[ 0.08185767 -0.20664614  0.00167455 -0.20664614  0.63734783 -0.00507027
  0.00167455 -0.00507027  0.00622156]",[ 0.00751312 -0.00082989 -0.00082989  0.00972195],[-1000.     0. -1000.     0.],[-1000.     0. -1000.     0.]
[-63.9824625  -21.03352849   0.75300799],[59.59392477 19.89421599],[-1000. -1000.],[-1000. -1000.],"[ 0.08282339 -0.20958387  0.00169831 -0.20958387  0.64628394 -0.00514254
  0.00169831 -0.00514254  0.00622214]",[ 0.00751312 -0.00082989 -0.00082989  0.00972195],[-1000.     0. -1000.     0.],[-1000.     0. -1000.     0.]
[-63.98374028 -21.02967019   0.75297677],[59.59392477 19.89421599],[-1000. -1000.],[-1000. -1000.],"[ 0.0837886  -0.21252069  0.00172206 -0.21252069  0.65521917 -0.00521479
  0.00172206 -0.00521479  0.00622273]",[ 0.00751312 -0.00082989 -0.00082989  0.00972195],[-1000.     0. -1000.     0.],[-1000.     0. -1000.     0.]
[-63.98501794 -21.02581185   0.75294555],[59.59392477 19.894216  ],[-1000. -1000.],[-1000. -1000.],"[ 0.08475332 -0.2154566   0.0017458  -0.2154566   0.66415353 -0.00528704
  0.0017458  -0.00528704  0.00622331]",[ 0.00751312 -0.00082989 -0.00082989  0.00972195],[-1000.     0. -1000.     0.],[-1000.     0. -1000.     0.]
[-63.98629548 -21.02195348   0.75291433],[59.59392477 19.894216  ],[-1000. -1000.],[-1000. -1000.],"[ 0.08571752 -0.2183916   0.00176953 -0.2183916   0.67308701 -0.00535927
  0.00176953 -0.00535927  0.0062239 ]",[ 0.00751312 -0.00082989 -0.00082989  0.00972195],[-1000.     0. -1000.     0.],[-1000.     0. -1000.     0.]
[-63.98757289 -21.01809507   0.75288311],[59.59392476 19.894216  ],[-1000. -1000.],[-1000. -1000.],"[ 0.08668123 -0.22132569  0.00179325 -0.22132569  0.68201961 -0.0054315
  0.00179325 -0.0054315   0.00622448]",[ 0.00751312 -0.00082989 -0.00082989  0.00972195],[-1000.     0. -1000.     0.],[-1000.     0. -1000.     0.]
[-63.98885018 -21.01423662   0.75285188],[59.59392476 19.89421601],[-1000. -1000.],[-1000. -1000.],"[ 0.08764443 -0.22425888  0.00181697 -0.22425888  0.69095134 -0.00550372
  0.00181697 -0.00550372  0.00622506]",[ 0.00751312 -0.00082989 -0.00082989  0.00972195],[-1000.     0. -1000.     0.],[-1000.     0. -1000.     0.]
[-63.99012735 -21.01037814   0.75282066],[59.59392476 19.89421601],[-1000. -1000.],[-1000. -1000.],"[ 0.08860712 -0.22719116  0.00184067 -0.22719116  0.69988219 -0.00557593
  0.00184067 -0.00557593  0.00622565]",[ 0.00751312 -0.00082989 -0.00082989  0.00972195],[-1000.     0. -1000.     0.],[-1000.     0. -1000.     0.]
[-67.00087935 -11.80276657   0.85939294],[59.59392476 19.89421601],[-120.85239372  481.0557357 ],[-1000. -1000.],"[ 1.57804791e-02 -4.43347770e-03  5.15918202e-05 -4.43347770e-03
  1.85241260e-02 -9.09615187e-05  5.15918202e-05 -9.09615187e-05
  3.82048686e-03]",[ 0.00751312 -0.00082989 -0.00082989  0.00972195],[9.99831305e-03 1.45941297e-05 1.45941297e-05 9.87188701e-03],[-1000.     0. -1000.     0.]
[-66.80485453 -11.70033761   0.9002709 ],[59.60910955 19.9125638 ],[-120.8507871   481.04463848],[-1000. -1000.],"[ 1.46628514e-02 -2.59404174e-03  3.35686650e-05 -2.59404174e-03
  1.58700709e-02 -5.96873415e-05  3.35686650e-05 -5.96873415e-05
  3.67206987e-03]",[ 0.00750987 -0.00082708 -0.00082708  0.00970071],[9.99800883e-03 1.68021213e-05 1.68021213e-05 9.85175404e-03],[-1000.     0. -1000.     0.]
[-66.73121209 -11.66599271   0.91116433],[59.608361   19.91564609],[-120.8499846   481.04172053],[-1000. -1000.],"[ 1.44263095e-02 -2.24314463e-03  2.98427723e-05 -2.24314463e-03
  1.55905720e-02 -5.47419452e-05  2.98427723e-05 -5.47419452e-05
  3.66147003e-03]",[ 0.00750966 -0.00082643 -0.00082643  0.00969742],[9.99793016e-03 1.72177602e-05 1.72177602e-05 9.84865222e-03],[-1000.     0. -1000.     0.]
[-66.70326761 -11.65539814   0.91410851],[59.60768433 19.9175376 ],[-120.8492957   481.03988372],[-1000. -1000.],"[ 1.43631870e-02 -2.15317504e-03  2.88621340e-05 -2.15317504e-03
  1.55644517e-02 -5.37803200e-05  2.88621340e-05 -5.37803200e-05
  3.66069933e-03]",[ 0.00750959 -0.00082624 -0.00082624  0.0096967 ],[9.99788474e-03 1.73650254e-05 1.73650254e-05 9.84798835e-03],[-1000.     0. -1000.     0.]
[-66.69250322 -11.65305504   0.91491575],[59.60702608 19.9192818 ],[-120.84862182  481.03817903],[-1000. -1000.],"[ 1.43438655e-02 -2.12546736e-03  2.85642202e-05 -2.12546736e-03
  1.55641288e-02 -5.35571429e-05  2.85642202e-05 -5.35571429e-05
  3.66064118e-03]",[ 0.00750955 -0.00082612 -0.00082612  0.00969636],[9.99784441e-03 1.74716006e-05 1.74716006e-05 9.84767820e-03],[-1000.     0. -1000.     0.]
[-66.68825395 -11.65348686   0.91514584],[59.6063718  19.92100896],[-120.84794955  481.0364859 ],[-1000. -1000.],"[ 1.43374251e-02 -2.11593632e-03  2.84642284e-05 -2.11593632e-03
  1.55645939e-02 -5.34919552e-05  2.84642284e-05 -5.34919552e-05
  3.66063611e-03]",[ 0.00750951 -0.00082602 -0.00082602  0.00969609],[9.99780488e-03 1.75720090e-05 1.75720090e-05 9.84741939e-03],[-1000.     0. -1000.     0.]
[-66.68648957 -11.65482593   0.91521906],[59.60571846 19.92273456],[-120.84727732  481.03479188],[-1000. -1000.],"[ 1.43352446e-02 -2.11256070e-03  2.84293493e-05 -2.11256070e-03
  1.55644172e-02 -5.34680113e-05  2.84293493e-05 -5.34680113e-05
  3.66063542e-03]",[ 0.00750948 -0.00082592 -0.00082592  0.00969583],[9.99776547e-03 1.76714880e-05 1.76714880e-05 9.84716787e-03],[-1000.     0. -1000.     0.]
[-66.6856771  -11.65645252   0.91524921],[59.60506541 19.92446006],[-120.84660507  481.03309693],[-1000. -1000.],"[ 1.43345863e-02 -2.11145951e-03  2.84178680e-05 -2.11145951e-03
  1.55640104e-02 -5.34574361e-05  2.84178680e-05 -5.34574361e-05
  3.66063524e-03]",[ 0.00750944 -0.00082582 -0.00082582  0.00969557],[9.99772608e-03 1.77708236e-05 1.77708236e-05 9.84691730e-03],[-1000.     0. -1000.     0.]
[-66.68523071 -11.65816639   0.91526737],[59.60441251 19.92618546],[-120.84593284  481.03140165],[-1000. -1000.],"[ 1.43344960e-02 -2.11123535e-03  2.84152382e-05 -2.11123535e-03
  1.55635787e-02 -5.34519488e-05  2.84152382e-05 -5.34519488e-05
  3.66063518e-03]",[ 0.0075094  -0.00082573 -0.00082573  0.00969531],[9.99768671e-03 1.78701303e-05 1.78701303e-05 9.84666683e-03],[-1000.     0. -1000.     0.]
[-66.68492561 -11.65990496   0.9152821 ],[59.6037597  19.92791068],[-120.84526067  481.02970637],[-1000. -1000.],"[ 1.43346225e-02 -2.11135573e-03  2.84160474e-05 -2.11135573e-03
  1.55631706e-02 -5.34485703e-05  2.84160474e-05 -5.34485703e-05
  3.66063515e-03]",[ 0.00750936 -0.00082563 -0.00082563  0.00969505],[9.99764734e-03 1.79694232e-05 1.79694232e-05 9.84641639e-03],[-1000.     0. -1000.     0.]
[-66.6846752  -11.6616496    0.91529584],[59.60310698 19.9296357 ],[-120.84458857  481.02801122],[-1000. -1000.],"[ 1.43348326e-02 -2.11161249e-03  2.84182104e-05 -2.11161249e-03
  1.55627857e-02 -5.34460963e-05  2.84182104e-05 -5.34460963e-05
  3.66063513e-03]",[ 0.00750933 -0.00082553 -0.00082553  0.0096948 ],[9.99760797e-03 1.80687040e-05 1.80687040e-05 9.84616596e-03],[-1000.     0. -1000.     0.]
[-66.68444601 -11.66339519   0.91530926],[59.60245434 19.9313605 ],[-120.84391656  481.02631625],[-1000. -1000.],"[ 1.43350753e-02 -2.11192334e-03  2.84209094e-05 -2.11192334e-03
  1.55624154e-02 -5.34440140e-05  2.84209094e-05 -5.34440140e-05
  3.66063512e-03]",[ 0.00750929 -0.00082543 -0.00082543  0.00969454],[9.99756861e-03 1.81679726e-05 1.81679726e-05 9.84591556e-03],[-1000.     0. -1000.     0.]
