mu,sigma,mu_0,sigma_0,mu_1,sigma_1,mu_2,sigma_2
[2.999982e-03 8.999973e-06 6.000000e-03],[0.1 0.  0.  0.  0.1 0.  0.  0.  0.1],[-1000. -1000.],[-1000.     0. -1000.     0.],[-1000. -1000.],[-1000.     0. -1000.     0.],[-1000. -1000.],[-1000.     0. -1000.     0.]
[5.9998560e-03 3.5999568e-05 1.2000000e-02],"[ 2.00000000e-01 -8.09953831e-09 -2.69995950e-06 -8.09953831e-09
  2.00000900e-01  2.99987400e-04 -2.69995950e-06  2.99987400e-04
  2.00000000e-01]",[-1000. -1000.],[-1000.     0. -1000.     0.],[-1000. -1000.],[-1000.     0. -1000.     0.],[-1000. -1000.],[-1000.     0. -1000.     0.]
[8.99951401e-03 8.09978130e-05 1.80000000e-02],"[ 3.00000001e-01 -5.66932692e-08 -1.16996085e-05 -5.66932692e-08
  3.00004499e-01  8.99919001e-04 -1.16996085e-05  8.99919001e-04
  3.00000000e-01]",[-1000. -1000.],[-1000.     0. -1000.     0.],[-1000. -1000.],[-1000.     0. -1000.     0.],[-1000. -1000.],[-1000.     0. -1000.     0.]
[0.01199885 0.00014399 0.024     ],"[ 4.00000003e-01 -2.05158110e-07 -3.05981910e-05 -2.05158110e-07
  4.00012596e-01  1.79971921e-03 -3.05981910e-05  1.79971921e-03
  4.00000000e-01]",[-1000. -1000.],[-1000.     0. -1000.     0.],[-1000. -1000.],[-1000.     0. -1000.     0.],[-1000. -1000.],[-1000.     0. -1000.     0.]
[0.01499775 0.00022498 0.03      ],"[ 5.00000011e-01 -5.39830890e-07 -6.29942060e-05 -5.39830890e-07
  5.00026988e-01  2.99928004e-03 -6.29942060e-05  2.99928004e-03
  5.00000000e-01]",[-1000. -1000.],[-1000.     0. -1000.     0.],[-1000. -1000.],[-1000.     0. -1000.     0.],[-1000. -1000.],[-1000.     0. -1000.     0.]
[0.01799611 0.00032397 0.036     ],"[ 6.00000028e-01 -1.17397649e-06 -1.12485148e-04 -1.17397649e-06
  6.00049469e-01  4.49846111e-03 -1.12485148e-04  4.49846111e-03
  6.00000000e-01]",[-1000. -1000.],[-1000.     0. -1000.     0.],[-1000. -1000.],[-1000.     0. -1000.     0.],[-1000. -1000.],[-1000.     0. -1000.     0.]
[0.02099383 0.00044094 0.042     ],"[ 7.00000063e-01 -2.24774646e-06 -1.82667248e-04 -2.24774646e-06
  7.00081831e-01  6.29708969e-03 -1.82667248e-04  6.29708969e-03
  7.00000000e-01]",[-1000. -1000.],[-1000.     0. -1000.     0.],[-1000. -1000.],[-1000.     0. -1000.     0.],[-1000. -1000.],[-1000.     0. -1000.     0.]
[0.02399079 0.00057589 0.048     ],"[ 8.00000125e-01 -3.92812816e-06 -2.77135216e-04 -3.92812816e-06
  8.00125862e-01  8.39496065e-03 -2.77135216e-04  8.39496065e-03
  8.00000000e-01]",[-1000. -1000.],[-1000.     0. -1000.     0.],[-1000. -1000.],[-1000.     0. -1000.     0.],[-1000. -1000.],[-1000.     0. -1000.     0.]
[0.02698688 0.00072882 0.054     ],"[ 9.00000228e-01 -6.40888438e-06 -3.99481979e-04 -6.40888438e-06
  9.00183348e-01  1.07918365e-02 -3.99481979e-04  1.07918365e-02
  9.00000000e-01]",[-1000. -1000.],[-1000.     0. -1000.     0.],[-1000. -1000.],[-1000.     0. -1000.     0.],[-1000. -1000.],[-1000.     0. -1000.     0.]
[0.029982   0.00089973 0.06      ],"[ 1.00000039e+00 -9.91048356e-06 -5.53298425e-04 -9.91048356e-06
  1.00025607e+00  1.34874475e-02 -5.53298425e-04  1.34874475e-02
  1.00000000e+00]",[-1000. -1000.],[-1000.     0. -1000.     0.],[-1000. -1000.],[-1000.     0. -1000.     0.],[-1000. -1000.],[-1000.     0. -1000.     0.]
[0.03297605 0.0010886  0.066     ],"[ 1.10000064e+00 -1.46800204e-05 -7.42173143e-04 -1.46800204e-05
  1.10034580e+00  1.64814915e-02 -7.42173143e-04  1.64814915e-02
  1.10000000e+00]",[-1000. -1000.],[-1000.     0. -1000.     0.],[-1000. -1000.],[-1000.     0. -1000.     0.],[-1000. -1000.],[-1000.     0. -1000.     0.]
[0.0359689  0.00129544 0.072     ],"[ 1.20000099e+00 -2.09911274e-05 -9.69692165e-04 -2.09911274e-05
  1.20045430e+00  1.97736340e-02 -9.69692165e-04  1.97736340e-02
  1.20000000e+00]",[-1000. -1000.],[-1000.     0. -1000.     0.],[-1000. -1000.],[-1000.     0. -1000.     0.],[-1000. -1000.],[-1000.     0. -1000.     0.]
[0.03896047 0.00152023 0.078     ],"[ 1.30000149e+00 -2.91438762e-05 -1.23943871e-03 -2.91438762e-05
  1.30058335e+00  2.33635084e-02 -1.23943871e-03  2.33635084e-02
  1.30000000e+00]",[-1000. -1000.],[-1000.     0. -1000.     0.],[-1000. -1000.],[-1000.     0. -1000.     0.],[-1000. -1000.],[-1000.     0. -1000.     0.]
[0.04195063 0.00176296 0.084     ],"[ 1.40000216e+00 -3.94646708e-05 -1.55499291e-03 -3.94646708e-05
  1.40073469e+00  2.72507156e-02 -1.55499291e-03  2.72507156e-02
  1.40000000e+00]",[-1000. -1000.],[-1000.     0. -1000.     0.],[-1000. -1000.],[-1000.     0. -1000.     0.],[-1000. -1000.],[-1000.     0. -1000.     0.]
[0.04493927 0.00202363 0.09      ],"[ 1.50000307e+00 -5.23061299e-05 -1.91993158e-03 -5.23061299e-05
  1.50091008e+00  3.14348245e-02 -1.91993158e-03  3.14348245e-02
  1.50000000e+00]",[-1000. -1000.],[-1000.     0. -1000.     0.],[-1000. -1000.],[-1000.     0. -1000.     0.],[-1000. -1000.],[-1000.     0. -1000.     0.]
[0.04792631 0.00230223 0.096     ],"[ 1.60000426e+00 -6.80469613e-05 -2.33782795e-03 -6.80469613e-05
  1.60111126e+00  3.59153715e-02 -2.33782795e-03  3.59153715e-02
  1.60000000e+00]",[-1000. -1000.],[-1000.     0. -1000.     0.],[-1000. -1000.],[-1000.     0. -1000.     0.],[-1000. -1000.],[-1000.     0. -1000.     0.]
[0.05091161 0.00259875 0.102     ],"[ 1.70000578e+00 -8.70918258e-05 -2.81225138e-03 -8.70918258e-05
  1.70133996e+00  4.06918611e-02 -2.81225138e-03  4.06918611e-02
  1.70000000e+00]",[-1000. -1000.],[-1000.     0. -1000.     0.],[-1000. -1000.],[-1000.     0. -1000.     0.],[-1000. -1000.],[-1000.     0. -1000.     0.]
[0.05389509 0.00291317 0.108     ],"[ 1.80000772e+00 -1.09871193e-04 -3.34676714e-03 -1.09871193e-04
  1.80159790e+00  4.57637656e-02 -3.34676714e-03  4.57637656e-02
  1.80000000e+00]",[-1000. -1000.],[-1000.     0. -1000.     0.],[-1000. -1000.],[-1000.     0. -1000.     0.],[-1000. -1000.],[-1000.     0. -1000.     0.]
[0.05687662 0.00324548 0.114     ],"[ 1.90001014e+00 -1.36841187e-04 -3.94493613e-03 -1.36841187e-04
  1.90188679e+00  5.11305250e-02 -3.94493613e-03  5.11305250e-02
  1.90000000e+00]",[-1000. -1000.],[-1000.     0. -1000.     0.],[-1000. -1000.],[-1000.     0. -1000.     0.],[-1000. -1000.],[-1000.     0. -1000.     0.]
[0.0598561  0.00359568 0.12      ],"[ 2.00001314e+00 -1.68483422e-04 -4.61031464e-03 -1.68483422e-04
  2.00220834e+00  5.67915473e-02 -4.61031464e-03  5.67915473e-02
  2.00000000e+00]",[-1000. -1000.],[-1000.     0. -1000.     0.],[-1000. -1000.],[-1000.     0. -1000.     0.],[-1000. -1000.],[-1000.     0. -1000.     0.]
[0.06283343 0.00396375 0.126     ],"[ 2.10001680e+00 -2.05304832e-04 -5.34645408e-03 -2.05304832e-04
  2.10256425e+00  6.27462086e-02 -5.34645408e-03  6.27462086e-02
  2.10000000e+00]",[-1000. -1000.],[-1000.     0. -1000.     0.],[-1000. -1000.],[-1000.     0. -1000.     0.],[-1000. -1000.],[-1000.     0. -1000.     0.]
[0.0658085  0.00434968 0.132     ],"[ 2.20002124e+00 -2.47837488e-04 -6.15690071e-03 -2.47837488e-04
  2.20295618e+00  6.89938527e-02 -6.15690071e-03  6.89938527e-02
  2.20000000e+00]",[-1000. -1000.],[-1000.     0. -1000.     0.],[-1000. -1000.],[-1000.     0. -1000.     0.],[-1000. -1000.],[-1000.     0. -1000.     0.]
[0.0687812  0.00475345 0.138     ],"[ 2.30002657e+00 -2.96638408e-04 -7.04519543e-03 -2.96638408e-04
  2.30338582e+00  7.55337917e-02 -7.04519543e-03  7.55337917e-02
  2.30000000e+00]",[-1000. -1000.],[-1000.     0. -1000.     0.],[-1000. -1000.],[-1000.     0. -1000.     0.],[-1000. -1000.],[-1000.     0. -1000.     0.]
[0.07175143 0.00517505 0.144     ],"[ 2.40003292e+00 -3.52289355e-04 -8.01487348e-03 -3.52289355e-04
  2.40385481e+00  8.23653056e-02 -8.01487348e-03  8.23653056e-02
  2.40000000e+00]",[-1000. -1000.],[-1000.     0. -1000.     0.],[-1000. -1000.],[-1000.     0. -1000.     0.],[-1000. -1000.],[-1000.     0. -1000.     0.]
[0.07471907 0.00561446 0.15      ],"[ 2.50004043e+00 -4.15396633e-04 -9.06946419e-03 -4.15396633e-04
  2.50436481e+00  8.94876425e-02 -9.06946419e-03  8.94876425e-02
  2.50000000e+00]",[-1000. -1000.],[-1000.     0. -1000.     0.],[-1000. -1000.],[-1000.     0. -1000.     0.],[-1000. -1000.],[-1000.     0. -1000.     0.]
[0.07768402 0.00607167 0.156     ],"[ 2.60004925e+00 -4.86590863e-04 -1.02124907e-02 -4.86590863e-04
  2.60491744e+00  9.69000187e-02 -1.02124907e-02  9.69000187e-02
  2.60000000e+00]",[-1000. -1000.],[-1000.     0. -1000.     0.],[-1000. -1000.],[-1000.     0. -1000.     0.],[-1000. -1000.],[-1000.     0. -1000.     0.]
[0.08064617 0.00654666 0.162     ],"[ 2.70005954e+00 -5.66526763e-04 -1.14474699e-02 -5.66526763e-04
  2.70551432e+00  1.04601619e-01 -1.14474699e-02  1.04601619e-01
  2.70000000e+00]",[-1000. -1000.],[-1000.     0. -1000.     0.],[-1000. -1000.],[-1000.     0. -1000.     0.],[-1000. -1000.],[-1000.     0. -1000.     0.]
[0.08360542 0.00703942 0.168     ],"[ 2.80007147e+00 -6.55882908e-04 -1.27779118e-02 -6.55882908e-04
  2.80615705e+00  1.12591595e-01 -1.27779118e-02  1.12591595e-01
  2.80000000e+00]",[-1000. -1000.],[-1000.     0. -1000.     0.],[-1000. -1000.],[-1000.     0. -1000.     0.],[-1000. -1000.],[-1000.     0. -1000.     0.]
[0.08656166 0.00754992 0.174     ],"[ 2.90008525e+00 -7.55361489e-04 -1.42073196e-02 -7.55361489e-04
  2.90684722e+00  1.20869070e-01 -1.42073196e-02  1.20869070e-01
  2.90000000e+00]",[-1000. -1000.],[-1000.     0. -1000.     0.],[-1000. -1000.],[-1000.     0. -1000.     0.],[-1000. -1000.],[-1000.     0. -1000.     0.]
[0.08951479 0.00807815 0.18      ],"[ 3.00010107e+00 -8.65688058e-04 -1.57391893e-02 -8.65688058e-04
  3.00758639e+00  1.29433131e-01 -1.57391893e-02  1.29433131e-01
  3.00000000e+00]",[-1000. -1000.],[-1000.     0. -1000.     0.],[-1000. -1000.],[-1000.     0. -1000.     0.],[-1000. -1000.],[-1000.     0. -1000.     0.]
[0.09246469 0.00862409 0.186     ],"[ 3.10011915e+00 -9.87611267e-04 -1.73770095e-02 -9.87611267e-04
  3.10837613e+00  1.38282838e-01 -1.73770095e-02  1.38282838e-01
  3.10000000e+00]",[-1000. -1000.],[-1000.     0. -1000.     0.],[-1000. -1000.],[-1000.     0. -1000.     0.],[-1000. -1000.],[-1000.     0. -1000.     0.]
[0.09541126 0.00918772 0.192     ],"[ 3.20013972e+00 -1.12190260e-03 -1.91242611e-02 -1.12190260e-03
  3.20921796e+00  1.47417215e-01 -1.91242611e-02  1.47417215e-01
  3.20000000e+00]",[-1000. -1000.],[-1000.     0. -1000.     0.],[-1000. -1000.],[-1000.     0. -1000.     0.],[-1000. -1000.],[-1000.     0. -1000.     0.]
[0.0983544  0.00976902 0.198     ],"[ 3.30016303e+00 -1.26935609e-03 -2.09844170e-02 -1.26935609e-03
  3.31011342e+00  1.56835259e-01 -2.09844170e-02  1.56835259e-01
  3.30000000e+00]",[-1000. -1000.],[-1000.     0. -1000.     0.],[-1000. -1000.],[-1000.     0. -1000.     0.],[-1000. -1000.],[-1000.     0. -1000.     0.]
[0.101294   0.01036797 0.204     ],"[ 3.40018936e+00 -1.43078803e-03 -2.29609421e-02 -1.43078803e-03
  3.41106400e+00  1.66535932e-01 -2.29609421e-02  1.66535932e-01
  3.40000000e+00]",[-1000. -1000.],[-1000.     0. -1000.     0.],[-1000. -1000.],[-1000.     0. -1000.     0.],[-1000. -1000.],[-1000.     0. -1000.     0.]
[0.10422995 0.01098454 0.21      ],"[ 3.50021896e+00 -1.60703669e-03 -2.50572927e-02 -1.60703669e-03
  3.51207119e+00  1.76518166e-01 -2.50572927e-02  1.76518166e-01
  3.50000000e+00]",[-1000. -1000.],[-1000.     0. -1000.     0.],[-1000. -1000.],[-1000.     0. -1000.     0.],[-1000. -1000.],[-1000.     0. -1000.     0.]
[0.10716215 0.01161872 0.216     ],"[ 3.60025215e+00 -1.79896201e-03 -2.72769163e-02 -1.79896201e-03
  3.61313645e+00  1.86780862e-01 -2.72769163e-02  1.86780862e-01
  3.60000000e+00]",[-1000. -1000.],[-1000.     0. -1000.     0.],[-1000. -1000.],[-1000.     0. -1000.     0.],[-1000. -1000.],[-1000.     0. -1000.     0.]
[0.11009049 0.01227048 0.222     ],"[ 3.70028924e+00 -2.00744527e-03 -2.96232519e-02 -2.00744527e-03
  3.71426124e+00  1.97322891e-01 -2.96232519e-02  1.97322891e-01
  3.70000000e+00]",[-1000. -1000.],[-1000.     0. -1000.     0.],[-1000. -1000.],[-1000.     0. -1000.     0.],[-1000. -1000.],[-1000.     0. -1000.     0.]
[0.11301487 0.0129398  0.228     ],"[ 3.80033055e+00 -2.23338879e-03 -3.20997288e-02 -2.23338879e-03
  3.81544698e+00  2.08143089e-01 -3.20997288e-02  2.08143089e-01
  3.80000000e+00]",[-1000. -1000.],[-1000.     0. -1000.     0.],[-1000. -1000.],[-1000.     0. -1000.     0.],[-1000. -1000.],[-1000.     0. -1000.     0.]
[0.11593518 0.01362665 0.234     ],"[ 3.90037644e+00 -2.47771559e-03 -3.47097671e-02 -2.47771559e-03
  3.91669507e+00  2.19240265e-01 -3.47097671e-02  2.19240265e-01
  3.90000000e+00]",[-1000. -1000.],[-1000.     0. -1000.     0.],[-1000. -1000.],[-1000.     0. -1000.     0.],[-1000. -1000.],[-1000.     0. -1000.     0.]
[0.11885131 0.01433101 0.24      ],"[ 4.00042727e+00 -2.74136906e-03 -3.74567773e-02 -2.74136906e-03
  4.01800690e+00  2.30613194e-01 -3.74567773e-02  2.30613194e-01
  4.00000000e+00]",[-1000. -1000.],[-1000.     0. -1000.     0.],[-1000. -1000.],[-1000.     0. -1000.     0.],[-1000. -1000.],[-1000.     0. -1000.     0.]
[0.12176317 0.01505286 0.246     ],"[ 4.10048343e+00 -3.02531261e-03 -4.03441598e-02 -3.02531261e-03
  4.11938384e+00  2.42260623e-01 -4.03441598e-02  2.42260623e-01
  4.10000000e+00]",[-1000. -1000.],[-1000.     0. -1000.     0.],[-1000. -1000.],[-1000.     0. -1000.     0.],[-1000. -1000.],[-1000.     0. -1000.     0.]
[0.12467064 0.01579216 0.252     ],"[ 4.20054532e+00 -3.33052933e-03 -4.33753048e-02 -3.33052933e-03
  4.22082724e+00  2.54181265e-01 -4.33753048e-02  2.54181265e-01
  4.20000000e+00]",[-1000. -1000.],[-1000.     0. -1000.     0.],[-1000. -1000.],[-1000.     0. -1000.     0.],[-1000. -1000.],[-1000.     0. -1000.     0.]
[0.12757363 0.0165489  0.258     ],"[ 4.30061338e+00 -3.65802162e-03 -4.65535922e-02 -3.65802162e-03
  4.32233840e+00  2.66373804e-01 -4.65535922e-02  2.66373804e-01
  4.30000000e+00]",[-1000. -1000.],[-1000.     0. -1000.     0.],[-1000. -1000.],[-1000.     0. -1000.     0.],[-1000. -1000.],[-1000.     0. -1000.     0.]
[0.13047202 0.01732304 0.264     ],"[ 4.40068803e+00 -4.00881081e-03 -4.98823911e-02 -4.00881081e-03
  4.42391863e+00  2.78836893e-01 -4.98823911e-02  2.78836893e-01
  4.40000000e+00]",[-1000. -1000.],[-1000.     0. -1000.     0.],[-1000. -1000.],[-1000.     0. -1000.     0.],[-1000. -1000.],[-1000.     0. -1000.     0.]
[0.13336572 0.01811455 0.27      ],"[ 4.50076975e+00 -4.38393681e-03 -5.33650597e-02 -4.38393681e-03
  4.52556922e+00  2.91569155e-01 -5.33650597e-02  2.91569155e-01
  4.50000000e+00]",[-1000. -1000.],[-1000.     0. -1000.     0.],[-1000. -1000.],[-1000.     0. -1000.     0.],[-1000. -1000.],[-1000.     0. -1000.     0.]
[0.13625461 0.01892342 0.276     ],"[ 4.60085903 -0.00478446 -0.05700495 -0.00478446  4.6272914   0.30456918
 -0.05700495  0.30456918  4.6       ]",[-1000. -1000.],[-1000.     0. -1000.     0.],[-1000. -1000.],[-1000.     0. -1000.     0.],[-1000. -1000.],[-1000.     0. -1000.     0.]
[0.1391386 0.0197496 0.282    ],"[ 4.70095636 -0.00521145 -0.06080538 -0.00521145  4.72908641  0.31783553
 -0.06080538  0.31783553  4.7       ]",[-1000. -1000.],[-1000.     0. -1000.     0.],[-1000. -1000.],[-1000.     0. -1000.     0.],[-1000. -1000.],[-1000.     0. -1000.     0.]
[0.14201758 0.02059307 0.288     ],"[ 4.80106228 -0.00566601 -0.0647697  -0.00566601  4.83095545  0.33136674
 -0.0647697   0.33136674  4.8       ]",[-1000. -1000.],[-1000.     0. -1000.     0.],[-1000. -1000.],[-1000.     0. -1000.     0.],[-1000. -1000.],[-1000.     0. -1000.     0.]
[0.14489145 0.0214538  0.294     ],"[ 4.90117733 -0.00614924 -0.0689012  -0.00614924  4.9328997   0.34516131
 -0.0689012   0.34516131  4.9       ]",[-1000. -1000.],[-1000.     0. -1000.     0.],[-1000. -1000.],[-1000.     0. -1000.     0.],[-1000. -1000.],[-1000.     0. -1000.     0.]
[0.1477601  0.02233176 0.3       ],"[ 5.00130209 -0.00666227 -0.07320319 -0.00666227  5.03492032  0.3592177
 -0.07320319  0.3592177   5.        ]",[-1000. -1000.],[-1000.     0. -1000.     0.],[-1000. -1000.],[-1000.     0. -1000.     0.],[-1000. -1000.],[-1000.     0. -1000.     0.]
[0.15062344 0.02322691 0.306     ],"[ 5.10143716 -0.00720624 -0.07767896 -0.00720624  5.13701843  0.37353437
 -0.07767896  0.37353437  5.1       ]",[-1000. -1000.],[-1000.     0. -1000.     0.],[-1000. -1000.],[-1000.     0. -1000.     0.],[-1000. -1000.],[-1000.     0. -1000.     0.]
[0.15348135 0.02413923 0.312     ],"[ 5.20158314 -0.00778232 -0.08233177 -0.00778232  5.23919514  0.38810971
 -0.08233177  0.38810971  5.2       ]",[-1000. -1000.],[-1000.     0. -1000.     0.],[-1000. -1000.],[-1000.     0. -1000.     0.],[-1000. -1000.],[-1000.     0. -1000.     0.]
[0.15633373 0.02506867 0.318     ],"[ 5.30174068 -0.00839168 -0.0871649  -0.00839168  5.34145152  0.40294211
 -0.0871649   0.40294211  5.3       ]",[-1000. -1000.],[-1000.     0. -1000.     0.],[-1000. -1000.],[-1000.     0. -1000.     0.],[-1000. -1000.],[-1000.     0. -1000.     0.]
[0.15918049 0.02601522 0.324     ],"[ 5.40191044 -0.0090355  -0.09218159 -0.0090355   5.44378863  0.41802992
 -0.09218159  0.41802992  5.4       ]",[-1000. -1000.],[-1000.     0. -1000.     0.],[-1000. -1000.],[-1000.     0. -1000.     0.],[-1000. -1000.],[-1000.     0. -1000.     0.]
[0.16202151 0.02697883 0.33      ],"[ 5.5020931  -0.00971499 -0.09738508 -0.00971499  5.54620749  0.43337146
 -0.09738508  0.43337146  5.5       ]",[-1000. -1000.],[-1000.     0. -1000.     0.],[-1000. -1000.],[-1000.     0. -1000.     0.],[-1000. -1000.],[-1000.     0. -1000.     0.]
[0.16485671 0.02795947 0.336     ],"[ 5.60228939 -0.01043137 -0.10277859 -0.01043137  5.64870908  0.44896503
 -0.10277859  0.44896503  5.6       ]",[-1000. -1000.],[-1000.     0. -1000.     0.],[-1000. -1000.],[-1000.     0. -1000.     0.],[-1000. -1000.],[-1000.     0. -1000.     0.]
[0.16768597 0.0289571  0.342     ],"[ 5.70250004 -0.01118586 -0.10836532 -0.01118586  5.75129438  0.46480888
 -0.10836532  0.46480888  5.7       ]",[-1000. -1000.],[-1000.     0. -1000.     0.],[-1000. -1000.],[-1000.     0. -1000.     0.],[-1000. -1000.],[-1000.     0. -1000.     0.]
[0.17050919 0.02997169 0.348     ],"[ 5.8027258  -0.01197972 -0.11414848 -0.01197972  5.85396433  0.48090124
 -0.11414848  0.48090124  5.8       ]",[-1000. -1000.],[-1000.     0. -1000.     0.],[-1000. -1000.],[-1000.     0. -1000.     0.],[-1000. -1000.],[-1000.     0. -1000.     0.]
[0.17332627 0.03100319 0.354     ],"[ 5.90296746 -0.01281419 -0.12013123 -0.01281419  5.95671984  0.49724033
 -0.12013123  0.49724033  5.9       ]",[-1000. -1000.],[-1000.     0. -1000.     0.],[-1000. -1000.],[-1000.     0. -1000.     0.],[-1000. -1000.],[-1000.     0. -1000.     0.]
[0.17613712 0.03205159 0.36      ],"[ 6.00322583 -0.01369055 -0.12631675 -0.01369055  6.05956179  0.51382431
 -0.12631675  0.51382431  6.        ]",[-1000. -1000.],[-1000.     0. -1000.     0.],[-1000. -1000.],[-1000.     0. -1000.     0.],[-1000. -1000.],[-1000.     0. -1000.     0.]
[0.17894162 0.03311683 0.366     ],"[ 6.10350176 -0.01461008 -0.13270819 -0.01461008  6.16249102  0.53065133
 -0.13270819  0.53065133  6.1       ]",[-1000. -1000.],[-1000.     0. -1000.     0.],[-1000. -1000.],[-1000.     0. -1000.     0.],[-1000. -1000.],[-1000.     0. -1000.     0.]
[0.18173968 0.03419887 0.372     ],"[ 6.20379609 -0.01557406 -0.13930868 -0.01557406  6.26550837  0.5477195
 -0.13930868  0.5477195   6.2       ]",[-1000. -1000.],[-1000.     0. -1000.     0.],[-1000. -1000.],[-1000.     0. -1000.     0.],[-1000. -1000.],[-1000.     0. -1000.     0.]
[0.1845312  0.03529769 0.378     ],"[ 6.30410973 -0.01658381 -0.14612134 -0.01658381  6.36861462  0.56502692
 -0.14612134  0.56502692  6.3       ]",[-1000. -1000.],[-1000.     0. -1000.     0.],[-1000. -1000.],[-1000.     0. -1000.     0.],[-1000. -1000.],[-1000.     0. -1000.     0.]
[0.18731608 0.03641324 0.384     ],"[ 6.40444358 -0.01764062 -0.15314927 -0.01764062  6.47181054  0.58257164
 -0.15314927  0.58257164  6.4       ]",[-1000. -1000.],[-1000.     0. -1000.     0.],[-1000. -1000.],[-1000.     0. -1000.     0.],[-1000. -1000.],[-1000.     0. -1000.     0.]
[0.19009421 0.03754547 0.39      ],"[ 6.50479858 -0.01874583 -0.16039557 -0.01874583  6.57509686  0.60035168
 -0.16039557  0.60035168  6.5       ]",[-1000. -1000.],[-1000.     0. -1000.     0.],[-1000. -1000.],[-1000.     0. -1000.     0.],[-1000. -1000.],[-1000.     0. -1000.     0.]
[0.1928655  0.03869435 0.396     ],"[ 6.60517571 -0.01990076 -0.16786331 -0.01990076  6.67847427  0.61836506
 -0.16786331  0.61836506  6.6       ]",[-1000. -1000.],[-1000.     0. -1000.     0.],[-1000. -1000.],[-1000.     0. -1000.     0.],[-1000. -1000.],[-1000.     0. -1000.     0.]
[0.19562984 0.03985984 0.402     ],"[ 6.70557596 -0.02110675 -0.17555554 -0.02110675  6.78194346  0.63660974
 -0.17555554  0.63660974  6.7       ]",[-1000. -1000.],[-1000.     0. -1000.     0.],[-1000. -1000.],[-1000.     0. -1000.     0.],[-1000. -1000.],[-1000.     0. -1000.     0.]
[0.19838715 0.0410419  0.408     ],"[ 6.80600036 -0.02236516 -0.1834753  -0.02236516  6.88550505  0.65508367
 -0.1834753   0.65508367  6.8       ]",[-1000. -1000.],[-1000.     0. -1000.     0.],[-1000. -1000.],[-1000.     0. -1000.     0.],[-1000. -1000.],[-1000.     0. -1000.     0.]
[0.20113731 0.04224047 0.414     ],"[ 6.90644994 -0.02367733 -0.19162563 -0.02367733  6.98915965  0.67378477
 -0.19162563  0.67378477  6.9       ]",[-1000. -1000.],[-1000.     0. -1000.     0.],[-1000. -1000.],[-1000.     0. -1000.     0.],[-1000. -1000.],[-1000.     0. -1000.     0.]
[0.20388023 0.04345553 0.42      ],"[ 7.0069258  -0.02504462 -0.20000951 -0.02504462  7.09290784  0.69271092
 -0.20000951  0.69271092  7.        ]",[-1000. -1000.],[-1000.     0. -1000.     0.],[-1000. -1000.],[-1000.     0. -1000.     0.],[-1000. -1000.],[-1000.     0. -1000.     0.]
[0.20661581 0.04468702 0.426     ],"[ 7.10742904 -0.02646842 -0.20862996 -0.02646842  7.19675016  0.71185998
 -0.20862996  0.71185998  7.1       ]",[-1000. -1000.],[-1000.     0. -1000.     0.],[-1000. -1000.],[-1000.     0. -1000.     0.],[-1000. -1000.],[-1000.     0. -1000.     0.]
[0.20934395 0.0459349  0.432     ],"[ 7.20796079 -0.02795008 -0.21748993 -0.02795008  7.30068711  0.73122979
 -0.21748993  0.73122979  7.2       ]",[-1000. -1000.],[-1000.     0. -1000.     0.],[-1000. -1000.],[-1000.     0. -1000.     0.],[-1000. -1000.],[-1000.     0. -1000.     0.]
[0.21206456 0.04719913 0.438     ],"[ 7.30852221 -0.02949099 -0.22659238 -0.02949099  7.40471918  0.75081815
 -0.22659238  0.75081815  7.3       ]",[-1000. -1000.],[-1000.     0. -1000.     0.],[-1000. -1000.],[-1000.     0. -1000.     0.],[-1000. -1000.],[-1000.     0. -1000.     0.]
[0.21477753 0.04847966 0.444     ],"[ 7.4091145  -0.03109253 -0.23594025 -0.03109253  7.5088468   0.77062285
 -0.23594025  0.77062285  7.4       ]",[-1000. -1000.],[-1000.     0. -1000.     0.],[-1000. -1000.],[-1000.     0. -1000.     0.],[-1000. -1000.],[-1000.     0. -1000.     0.]
[0.21748277 0.04977645 0.45      ],"[ 7.50973887 -0.0327561  -0.24553645 -0.0327561   7.6130704   0.79064162
 -0.24553645  0.79064162  7.5       ]",[-1000. -1000.],[-1000.     0. -1000.     0.],[-1000. -1000.],[-1000.     0. -1000.     0.],[-1000. -1000.],[-1000.     0. -1000.     0.]
[0.22018018 0.05108944 0.456     ],"[ 7.61039657 -0.03448308 -0.2553839  -0.03448308  7.71739034  0.8108722
 -0.2553839   0.8108722   7.6       ]",[-1000. -1000.],[-1000.     0. -1000.     0.],[-1000. -1000.],[-1000.     0. -1000.     0.],[-1000. -1000.],[-1000.     0. -1000.     0.]
[0.22286966 0.0524186  0.462     ],"[ 7.71108889 -0.03627487 -0.26548547 -0.03627487  7.82180697  0.83131228
 -0.26548547  0.83131228  7.7       ]",[-1000. -1000.],[-1000.     0. -1000.     0.],[-1000. -1000.],[-1000.     0. -1000.     0.],[-1000. -1000.],[-1000.     0. -1000.     0.]
[0.22555112 0.05376386 0.468     ],"[ 7.81181712 -0.03813288 -0.27584402 -0.03813288  7.9263206   0.85195953
 -0.27584402  0.85195953  7.8       ]",[-1000. -1000.],[-1000.     0. -1000.     0.],[-1000. -1000.],[-1000.     0. -1000.     0.],[-1000. -1000.],[-1000.     0. -1000.     0.]
[0.22822446 0.05512519 0.474     ],"[ 7.91258261 -0.04005849 -0.2864624  -0.04005849  8.0309315   0.87281159
 -0.2864624   0.87281159  7.9       ]",[-1000. -1000.],[-1000.     0. -1000.     0.],[-1000. -1000.],[-1000.     0. -1000.     0.],[-1000. -1000.],[-1000.     0. -1000.     0.]
[0.23088959 0.05650254 0.48      ],"[ 8.01338671 -0.04205311 -0.29734343 -0.04205311  8.13563991  0.89386607
 -0.29734343  0.89386607  8.        ]",[-1000. -1000.],[-1000.     0. -1000.     0.],[-1000. -1000.],[-1000.     0. -1000.     0.],[-1000. -1000.],[-1000.     0. -1000.     0.]
[0.2335464  0.05789585 0.486     ],"[ 8.11423082 -0.04411814 -0.30848993 -0.04411814  8.24044605  0.91512057
 -0.30848993  0.91512057  8.1       ]",[-1000. -1000.],[-1000.     0. -1000.     0.],[-1000. -1000.],[-1000.     0. -1000.     0.],[-1000. -1000.],[-1000.     0. -1000.     0.]
[0.23619481 0.05930508 0.492     ],"[ 8.21511637 -0.04625499 -0.31990468 -0.04625499  8.34535009  0.93657266
 -0.31990468  0.93657266  8.2       ]",[-1000. -1000.],[-1000.     0. -1000.     0.],[-1000. -1000.],[-1000.     0. -1000.     0.],[-1000. -1000.],[-1000.     0. -1000.     0.]
[0.23883471 0.06073017 0.498     ],"[ 8.31604482 -0.04846506 -0.33159044 -0.04846506  8.45035215  0.95821985
 -0.33159044  0.95821985  8.3       ]",[-1000. -1000.],[-1000.     0. -1000.     0.],[-1000. -1000.],[-1000.     0. -1000.     0.],[-1000. -1000.],[-1000.     0. -1000.     0.]
[0.24146601 0.06217108 0.504     ],"[ 8.41701763 -0.05074975 -0.34354996 -0.05074975  8.55545236  0.98005968
 -0.34354996  0.98005968  8.4       ]",[-1000. -1000.],[-1000.     0. -1000.     0.],[-1000. -1000.],[-1000.     0. -1000.     0.],[-1000. -1000.],[-1000.     0. -1000.     0.]
[0.24408862 0.06362775 0.51      ],"[ 8.51803633 -0.05311046 -0.35578597 -0.05311046  8.66065076  1.00208961
 -0.35578597  1.00208961  8.5       ]",[-1000. -1000.],[-1000.     0. -1000.     0.],[-1000. -1000.],[-1000.     0. -1000.     0.],[-1000. -1000.],[-1000.     0. -1000.     0.]
[0.24670245 0.06510012 0.516     ],"[ 8.61910246 -0.05554859 -0.36830118 -0.05554859  8.76594741  1.02430712
 -0.36830118  1.02430712  8.6       ]",[-1000. -1000.],[-1000.     0. -1000.     0.],[-1000. -1000.],[-1000.     0. -1000.     0.],[-1000. -1000.],[-1000.     0. -1000.     0.]
[0.24930739 0.06658816 0.522     ],"[ 8.72021759 -0.05806553 -0.38109828 -0.05806553  8.87134229  1.04670963
 -0.38109828  1.04670963  8.7       ]",[-1000. -1000.],[-1000.     0. -1000.     0.],[-1000. -1000.],[-1000.     0. -1000.     0.],[-1000. -1000.],[-1000.     0. -1000.     0.]
[0.25190336 0.06809179 0.528     ],"[ 8.82138333 -0.06066268 -0.39417992 -0.06066268  8.97683537  1.06929455
 -0.39417992  1.06929455  8.8       ]",[-1000. -1000.],[-1000.     0. -1000.     0.],[-1000. -1000.],[-1000.     0. -1000.     0.],[-1000. -1000.],[-1000.     0. -1000.     0.]
[0.25449026 0.06961098 0.534     ],"[ 8.9226013  -0.06334143 -0.40754875 -0.06334143  9.08242657  1.09205926
 -0.40754875  1.09205926  8.9       ]",[-1000. -1000.],[-1000.     0. -1000.     0.],[-1000. -1000.],[-1000.     0. -1000.     0.],[-1000. -1000.],[-1000.     0. -1000.     0.]
[0.257068   0.07114566 0.54      ],"[ 9.02387318 -0.06610315 -0.42120739 -0.06610315  9.1881158   1.11500113
 -0.42120739  1.11500113  9.        ]",[-1000. -1000.],[-1000.     0. -1000.     0.],[-1000. -1000.],[-1000.     0. -1000.     0.],[-1000. -1000.],[-1000.     0. -1000.     0.]
[0.25963648 0.07269578 0.546     ],"[ 9.12520065 -0.06894923 -0.43515846 -0.06894923  9.29390289  1.13811748
 -0.43515846  1.13811748  9.1       ]",[-1000. -1000.],[-1000.     0. -1000.     0.],[-1000. -1000.],[-1000.     0. -1000.     0.],[-1000. -1000.],[-1000.     0. -1000.     0.]
[0.26219562 0.07426128 0.552     ],"[ 9.22658543 -0.07188104 -0.44940452 -0.07188104  9.39978769  1.16140562
 -0.44940452  1.16140562  9.2       ]",[-1000. -1000.],[-1000.     0. -1000.     0.],[-1000. -1000.],[-1000.     0. -1000.     0.],[-1000. -1000.],[-1000.     0. -1000.     0.]
[0.26474531 0.07584211 0.558     ],"[ 9.32802928 -0.07489995 -0.46394813 -0.07489995  9.50576996  1.18486284
 -0.46394813  1.18486284  9.3       ]",[-1000. -1000.],[-1000.     0. -1000.     0.],[-1000. -1000.],[-1000.     0. -1000.     0.],[-1000. -1000.],[-1000.     0. -1000.     0.]
[0.26728548 0.0774382  0.564     ],"[ 9.42953399 -0.07800732 -0.47879183 -0.07800732  9.61184947  1.20848639
 -0.47879183  1.20848639  9.4       ]",[-1000. -1000.],[-1000.     0. -1000.     0.],[-1000. -1000.],[-1000.     0. -1000.     0.],[-1000. -1000.],[-1000.     0. -1000.     0.]
[0.26981602 0.07904951 0.57      ],"[ 9.53110136 -0.0812045  -0.49393814 -0.0812045   9.71802592  1.23227351
 -0.49393814  1.23227351  9.5       ]",[-1000. -1000.],[-1000.     0. -1000.     0.],[-1000. -1000.],[-1000.     0. -1000.     0.],[-1000. -1000.],[-1000.     0. -1000.     0.]
[0.27233686 0.08067598 0.576     ],"[ 9.63273323 -0.08449283 -0.50938954 -0.08449283  9.82429899  1.2562214
 -0.50938954  1.2562214   9.6       ]",[-1000. -1000.],[-1000.     0. -1000.     0.],[-1000. -1000.],[-1000.     0. -1000.     0.],[-1000. -1000.],[-1000.     0. -1000.     0.]
[0.27484788 0.08231754 0.582     ],"[ 9.73443149 -0.08787365 -0.52514851 -0.08787365  9.93066834  1.28032726
 -0.52514851  1.28032726  9.7       ]",[-1000. -1000.],[-1000.     0. -1000.     0.],[-1000. -1000.],[-1000.     0. -1000.     0.],[-1000. -1000.],[-1000.     0. -1000.     0.]
[0.27734901 0.08397413 0.588     ],"[ 9.83619803 -0.09134829 -0.54121749 -0.09134829 10.03713355  1.30458825
 -0.54121749  1.30458825  9.8       ]",[-1000. -1000.],[-1000.     0. -1000.     0.],[-1000. -1000.],[-1000.     0. -1000.     0.],[-1000. -1000.],[-1000.     0. -1000.     0.]
[0.27984016 0.0856457  0.594     ],"[ 9.93803478 -0.09491807 -0.5575989  -0.09491807 10.14369421  1.3290015
 -0.5575989   1.3290015   9.9       ]",[-1000. -1000.],[-1000.     0. -1000.     0.],[-1000. -1000.],[-1000.     0. -1000.     0.],[-1000. -1000.],[-1000.     0. -1000.     0.]
[0.28232124 0.08733219 0.6       ],"[10.0399437  -0.09858429 -0.57429514 -0.09858429 10.25034986  1.35356413
 -0.57429514  1.35356413 10.        ]",[-1000. -1000.],[-1000.     0. -1000.     0.],[-1000. -1000.],[-1000.     0. -1000.     0.],[-1000. -1000.],[-1000.     0. -1000.     0.]
[0.28479215 0.08903354 0.606     ],"[10.1419268  -0.10234824 -0.5913086  -0.10234824 10.35709998  1.37827323
 -0.5913086   1.37827323 10.1       ]",[-1000. -1000.],[-1000.     0. -1000.     0.],[-1000. -1000.],[-1000.     0. -1000.     0.],[-1000. -1000.],[-1000.     0. -1000.     0.]
[0.2872528  0.09074968 0.612     ],"[10.24398608 -0.1062112  -0.60864161 -0.1062112  10.46394405  1.40312587
 -0.60864161  1.40312587 10.2       ]",[-1000. -1000.],[-1000.     0. -1000.     0.],[-1000. -1000.],[-1000.     0. -1000.     0.],[-1000. -1000.],[-1000.     0. -1000.     0.]
[0.28970312 0.09248055 0.618     ],"[10.3461236  -0.11017446 -0.62629652 -0.11017446 10.5708815   1.4281191
 -0.62629652  1.4281191  10.3       ]",[-1000. -1000.],[-1000.     0. -1000.     0.],[-1000. -1000.],[-1000.     0. -1000.     0.],[-1000. -1000.],[-1000.     0. -1000.     0.]
[0.29214301 0.09422609 0.624     ],"[10.44834144 -0.11423927 -0.64427561 -0.11423927 10.67791172  1.45324994
 -0.64427561  1.45324994 10.4       ]",[-1000. -1000.],[-1000.     0. -1000.     0.],[-1000. -1000.],[-1000.     0. -1000.     0.],[-1000. -1000.],[-1000.     0. -1000.     0.]
[0.29457238 0.09598625 0.63      ],"[10.55064171 -0.11840686 -0.66258119 -0.11840686 10.78503406  1.4785154
 -0.66258119  1.4785154  10.5       ]",[-1000. -1000.],[-1000.     0. -1000.     0.],[-1000. -1000.],[-1000.     0. -1000.     0.],[-1000. -1000.],[-1000.     0. -1000.     0.]
[0.29699114 0.09776094 0.636     ],"[10.65302654 -0.12267848 -0.6812155  -0.12267848 10.89224785  1.50391244
 -0.6812155   1.50391244 10.6       ]",[-1000. -1000.],[-1000.     0. -1000.     0.],[-1000. -1000.],[-1000.     0. -1000.     0.],[-1000. -1000.],[-1000.     0. -1000.     0.]
[0.29939922 0.09955012 0.642     ],"[10.7554981  -0.12705533 -0.70018077 -0.12705533 10.99955239  1.52943802
 -0.70018077  1.52943802 10.7       ]",[-1000. -1000.],[-1000.     0. -1000.     0.],[-1000. -1000.],[-1000.     0. -1000.     0.],[-1000. -1000.],[-1000.     0. -1000.     0.]
[0.30179651 0.10135371 0.648     ],"[10.85805859 -0.13153862 -0.71947921 -0.13153862 11.10694691  1.55508908
 -0.71947921  1.55508908 10.8       ]",[-1000. -1000.],[-1000.     0. -1000.     0.],[-1000. -1000.],[-1000.     0. -1000.     0.],[-1000. -1000.],[-1000.     0. -1000.     0.]
[0.30418295 0.10317165 0.654     ],"[10.96071023 -0.13612952 -0.739113   -0.13612952 11.21443064  1.58086254
 -0.739113    1.58086254 10.9       ]",[-1000. -1000.],[-1000.     0. -1000.     0.],[-1000. -1000.],[-1000.     0. -1000.     0.],[-1000. -1000.],[-1000.     0. -1000.     0.]
[0.30655843 0.10500388 0.66      ],"[11.06345527 -0.14082922 -0.7590843  -0.14082922 11.32200277  1.60675528
 -0.7590843   1.60675528 11.        ]",[-1000. -1000.],[-1000.     0. -1000.     0.],[-1000. -1000.],[-1000.     0. -1000.     0.],[-1000. -1000.],[-1000.     0. -1000.     0.]
[0.30892287 0.10685033 0.666     ],"[11.16629599 -0.14563885 -0.77939525 -0.14563885 11.42966243  1.63276417
 -0.77939525  1.63276417 11.1       ]",[-1000. -1000.],[-1000.     0. -1000.     0.],[-1000. -1000.],[-1000.     0. -1000.     0.],[-1000. -1000.],[-1000.     0. -1000.     0.]
[0.31127619 0.10871094 0.672     ],"[11.26923471 -0.15055954 -0.80004794 -0.15055954 11.53740875  1.65888605
 -0.80004794  1.65888605 11.2       ]",[-1000. -1000.],[-1000.     0. -1000.     0.],[-1000. -1000.],[-1000.     0. -1000.     0.],[-1000. -1000.],[-1000.     0. -1000.     0.]
[0.31361831 0.11058563 0.678     ],"[11.37227375 -0.15559242 -0.82104446 -0.15559242 11.6452408   1.68511777
 -0.82104446  1.68511777 11.3       ]",[-1000. -1000.],[-1000.     0. -1000.     0.],[-1000. -1000.],[-1000.     0. -1000.     0.],[-1000. -1000.],[-1000.     0. -1000.     0.]
[0.31594914 0.11247433 0.684     ],"[11.47541549 -0.16073857 -0.84238686 -0.16073857 11.75315762  1.71145611
 -0.84238686  1.71145611 11.4       ]",[-1000. -1000.],[-1000.     0. -1000.     0.],[-1000. -1000.],[-1000.     0. -1000.     0.],[-1000. -1000.],[-1000.     0. -1000.     0.]
[0.31826859 0.11437699 0.69      ],"[11.57866231 -0.16599908 -0.86407717 -0.16599908 11.86115824  1.73789788
 -0.86407717  1.73789788 11.5       ]",[-1000. -1000.],[-1000.     0. -1000.     0.],[-1000. -1000.],[-1000.     0. -1000.     0.],[-1000. -1000.],[-1000.     0. -1000.     0.]
[0.32057659 0.11629353 0.696     ],"[11.68201663 -0.17137499 -0.88611739 -0.17137499 11.96924162  1.76443983
 -0.88611739  1.76443983 11.6       ]",[-1000. -1000.],[-1000.     0. -1000.     0.],[-1000. -1000.],[-1000.     0. -1000.     0.],[-1000. -1000.],[-1000.     0. -1000.     0.]
[0.32287304 0.11822389 0.702     ],"[11.78548089 -0.17686733 -0.90850951 -0.17686733 12.0774067   1.7910787
 -0.90850951  1.7910787  11.7       ]",[-1000. -1000.],[-1000.     0. -1000.     0.],[-1000. -1000.],[-1000.     0. -1000.     0.],[-1000. -1000.],[-1000.     0. -1000.     0.]
[0.32515787 0.12016799 0.708     ],"[11.88905758 -0.18247713 -0.93125546 -0.18247713 12.18565241  1.81781122
 -0.93125546  1.81781122 11.8       ]",[-1000. -1000.],[-1000.     0. -1000.     0.],[-1000. -1000.],[-1000.     0. -1000.     0.],[-1000. -1000.],[-1000.     0. -1000.     0.]
[0.327431   0.12212576 0.714     ],"[11.99274918 -0.18820536 -0.95435718 -0.18820536 12.29397761  1.84463411
 -0.95435718  1.84463411 11.9       ]",[-1000. -1000.],[-1000.     0. -1000.     0.],[-1000. -1000.],[-1000.     0. -1000.     0.],[-1000. -1000.],[-1000.     0. -1000.     0.]
[0.32969234 0.12409714 0.72      ],"[12.09655822 -0.194053   -0.97781655 -0.194053   12.40238114  1.87154403
 -0.97781655  1.87154403 12.        ]",[-1000. -1000.],[-1000.     0. -1000.     0.],[-1000. -1000.],[-1000.     0. -1000.     0.],[-1000. -1000.],[-1000.     0. -1000.     0.]
[0.33194181 0.12608204 0.726     ],"[12.20048725 -0.20002099 -1.00163545 -0.20002099 12.51086182  1.89853766
 -1.00163545  1.89853766 12.1       ]",[-1000. -1000.],[-1000.     0. -1000.     0.],[-1000. -1000.],[-1000.     0. -1000.     0.],[-1000. -1000.],[-1000.     0. -1000.     0.]
[0.33417932 0.12808041 0.732     ],"[12.30453885 -0.20611025 -1.02581572 -0.20611025 12.61941843  1.92561164
 -1.02581572  1.92561164 12.2       ]",[-1000. -1000.],[-1000.     0. -1000.     0.],[-1000. -1000.],[-1000.     0. -1000.     0.],[-1000. -1000.],[-1000.     0. -1000.     0.]
[0.33640481 0.13009217 0.738     ],"[12.40871561 -0.21232168 -1.05035917 -0.21232168 12.72804971  1.95276261
 -1.05035917  1.95276261 12.3       ]",[-1000. -1000.],[-1000.     0. -1000.     0.],[-1000. -1000.],[-1000.     0. -1000.     0.],[-1000. -1000.],[-1000.     0. -1000.     0.]
[0.33861819 0.13211725 0.744     ],"[12.51302016 -0.21865615 -1.0752676  -0.21865615 12.83675437  1.97998716
 -1.0752676   1.97998716 12.4       ]",[-1000. -1000.],[-1000.     0. -1000.     0.],[-1000. -1000.],[-1000.     0. -1000.     0.],[-1000. -1000.],[-1000.     0. -1000.     0.]
[0.34081938 0.13415557 0.75      ],"[12.61745516 -0.22511449 -1.10054275 -0.22511449 12.9455311   2.0072819
 -1.10054275  2.0072819  12.5       ]",[-1000. -1000.],[-1000.     0. -1000.     0.],[-1000. -1000.],[-1000.     0. -1000.     0.],[-1000. -1000.],[-1000.     0. -1000.     0.]
[0.3430083  0.13620705 0.756     ],"[12.72202327 -0.23169754 -1.12618637 -0.23169754 13.05437855  2.03464338
 -1.12618637  2.03464338 12.6       ]",[-1000. -1000.],[-1000.     0. -1000.     0.],[-1000. -1000.],[-1000.     0. -1000.     0.],[-1000. -1000.],[-1000.     0. -1000.     0.]
[0.34518487 0.13827164 0.762     ],"[12.82672719 -0.23840608 -1.15220015 -0.23840608 13.16329533  2.06206817
 -1.15220015  2.06206817 12.7       ]",[-1000. -1000.],[-1000.     0. -1000.     0.],[-1000. -1000.],[-1000.     0. -1000.     0.],[-1000. -1000.],[-1000.     0. -1000.     0.]
[0.34734901 0.14034925 0.768     ],"[12.93156965 -0.24524088 -1.17858577 -0.24524088 13.27228004  2.08955279
 -1.17858577  2.08955279 12.8       ]",[-1000. -1000.],[-1000.     0. -1000.     0.],[-1000. -1000.],[-1000.     0. -1000.     0.],[-1000. -1000.],[-1000.     0. -1000.     0.]
[0.34950065 0.1424398  0.774     ],"[13.03655339 -0.25220267 -1.20534487 -0.25220267 13.38133122  2.11709378
 -1.20534487  2.11709378 12.9       ]",[-1000. -1000.],[-1000.     0. -1000.     0.],[-1000. -1000.],[-1000.     0. -1000.     0.],[-1000. -1000.],[-1000.     0. -1000.     0.]
[0.35163971 0.14454323 0.78      ],"[13.14168118 -0.25929217 -1.23247909 -0.25929217 13.49044742  2.14468762
 -1.23247909  2.14468762 13.        ]",[-1000. -1000.],[-1000.     0. -1000.     0.],[-1000. -1000.],[-1000.     0. -1000.     0.],[-1000. -1000.],[-1000.     0. -1000.     0.]
[0.35376611 0.14665945 0.786     ],"[13.2469558  -0.26651005 -1.25999    -0.26651005 13.59962712  2.17233079
 -1.25999     2.17233079 13.1       ]",[-1000. -1000.],[-1000.     0. -1000.     0.],[-1000. -1000.],[-1000.     0. -1000.     0.],[-1000. -1000.],[-1000.     0. -1000.     0.]
[0.35587977 0.1487884  0.792     ],"[13.35238007 -0.27385696 -1.28787916 -0.27385696 13.70886879  2.20001978
 -1.28787916  2.20001978 13.2       ]",[-1000. -1000.],[-1000.     0. -1000.     0.],[-1000. -1000.],[-1000.     0. -1000.     0.],[-1000. -1000.],[-1000.     0. -1000.     0.]
[0.35798062 0.15092999 0.798     ],"[13.45795682 -0.28133353 -1.31614812 -0.28133353 13.81817088  2.22775101
 -1.31614812  2.22775101 13.3       ]",[-1000. -1000.],[-1000.     0. -1000.     0.],[-1000. -1000.],[-1000.     0. -1000.     0.],[-1000. -1000.],[-1000.     0. -1000.     0.]
[0.36006859 0.15308414 0.804     ],"[13.56368891 -0.28894034 -1.34479837 -0.28894034 13.92753179  2.25552093
 -1.34479837  2.25552093 13.4       ]",[-1000. -1000.],[-1000.     0. -1000.     0.],[-1000. -1000.],[-1000.     0. -1000.     0.],[-1000. -1000.],[-1000.     0. -1000.     0.]
